4561
699
5032
9285
11448
5464
9153
9597
7181
10109
343
866
5580
4229
7541
6438
3073
11460
6712
7354
8987
23
10412
1100
1230
903
2777
9577
1490
4647
11700
9639
7841
8930
11838
1221
10953
7137
564
8257
6345
7210
10868
10874
10458
7279
12207
1845
6910
11582
8907
2966
5348
11256
3477
9124
2720
2434
10645
1694
5927
137
7548
7458
6439
7227
8774
5366
11424
4449
931
10951
9478
3579
3465
7835
2457
2155
10342
5841
3054
5999
1356
500
12124
1146
7100
8239
2183
6772
4216
6630
2754
5919
3478
203
9084
1151
4522
11385
12249
2552
10830
10498
1756
12166
2313
3855
218
1779
11209
12222
6762
5312
2302
10216
10714
6485
6375
4966
12255
3928
6583
3075
9465
2018
4393
7674
9081
1619
10016
5155
3877
2563
1269
266
9596
1906
3747
6731
5998
1553
7373
6031
7967
1519
6175
4151
9178
7325
8427
3744
6622
6373
11325
6633
5634
5852
7338
3093
7130
8707
11077
10952
8103
8853
12284
7862
3412
6398
9372
905
2116
10518
1199
9454
7485
10726
9802
6598
4160
3299
1280
6411
4441
45
8480
3213
12044
8693
2399
6706
9671
6501
4642
7357
6690
6213
41
6646
8653
4323
5346
8934
9834
7264
422
7352
5426
6609
4245
7112
2708
5057
11889
5458
4088
11178
5825
4833
1010
4481
6646
9774
9975
4479
11625
5758
4404
976
119
5119
10029
5232
7948
4061
11662
2706
5109
8137
11409
9150
3931
313
1518
12145
335
8795
12190
9028
11232
2206
6855
250
9787
7971
3393
597
4669
7
3369
4798
1611
2382
10010
4086
9061
5387
12288
10279
641
9138
2124
393
58
1428
10411
12202
8628
7959
5582
9418
2487
3658
3
11193
8329
10403
7727
5750
12162
490
12098
10525
3925
8196
53
10680
11559
6692
10183
8249
9986
1598
4782
7500
2855
10385
6650
1710
3414
6897
6837
1408
8422
5760
7118
4348
4954
280
52
8164
8388
9879
956
5958
2467
7550
4220
8862
7791
8839
1349
1763
5691
3932
772
729
6945
8363
3213
8268
8896
11352
760
902
5934
8318
2809
440
1011
7932
4200
12123
2523
9810
7472
9758
8921
11932
10069
11973
5857
10778
9919
10700
248
2988
8808
3984
4008
7955
4376
184
4749
10841
7425
1121
1627
8635
2243
1353
6557
9235
2210
9612
302
1203
1694
1156
7781
3994
11620
10267
3202
4887
377
2068
1668
4251
4431
11557
12176
4209
2352
10488
119
7121
5012
7209
2367
9834
7506
9648
9215
2248
4969
4391
8822
7902
11048
4180
7613
2830
10632
10167
2303
11099
9155
375
10464
1871
11001
7766
7738
4520
8689
10359
7993
7000
3888
8737
5831
8352
11410
3134
6969
1587
11884
326
10843
7829
6895
898
1295
9773
11969
4067
9175
2364
4972
10507
8476
3401
254
1247
2554
8485
2221
11538
5074
6766
11437
11625
5759
3409
7576
3561
5385
7258
9911
3997
1610
4066
4688
3081
655
3154
8181
6516
11088
11788
8058
2335
9513
6052
6758
4214
4883
7086
11576
1475
9648
8469
10617
11564
10903
1531
5789
11388
2102
10241
4082
10405
4225
9467
9859
4227
5751
8552
6047
12034
11432
6186
5373
6242
4809
7025
2700
4229
10101
10844
10123
51
173
11726
5437
10142
9079
2869
8591
11383
4262
2771
9921
8224
4607
8643
11626
3903
7254
1824
10779
9252
10954
10487
6717
9783
1007
474
5529
895
9901
4457
11400
8421
7621
12196
12126
6687
2029
7904
2369
9593
9343
2748
9455
7688
2895
12091
4882
3042
1597
5099
7849
2985
3034
11653
9548
10709
11852
61
438
8876
5364
5540
5538
6925
9011
9607
7169
2500
2606
11027
6599
9556
4778
4209
3260
8307
5090
170
11199
9804
9907
10827
2218
950
5851
6702
8876
6778
7016
11510
1541
11366
9303
8557
2531
1812
2356
5672
8629
4432
9175
9397
9214
2622
11235
10690
5718
10824
2649
6692
1686
11799
8436
1187
11791
11259
9433
6876
7050
12284
9025
1139
10987
5277
3887
2346
6932
4601
2218
7423
2283
8843
8010
7948
4349
850
7913
2865
3811
7120
12024
8835
329
2104
9780
6595
8320
4462
7577
21
270
4987
6126
10444
4461
12
5672
3420
3236
4905
7603
9530
519
11244
8560
8909
4032
6598
3777
6606
7201
2594
3146
10343
7817
6318
2059
10944
1663
7905
8587
4737
591
6060
2308
10523
10944
8796
4893
8405
935
1092
1406
8210
10516
6096
12181
5938
4045
10182
10019
8045
6891
11010
3023
10928
8854
11335
9433
5486
10804
2128
10352
10072
2854
5379
12205
3161
5031
10801
12278
8312
1198
1959
1334
3582
2746
780
347
9633
11616
919
3373
2259
12041
4658
8546
11530
6054
4984
3629
8359
9197
10106
5418
10072
4481
3056
7391
1444
6381
549
11033
642
8201
6769
7956
7658
7452
8849
4569
3317
11439
6887
11398
2153
11412
2645
11730
451
5923
12000
11920
11633
8598
7562
8289
141
2090
4472
9624
8921
55
12107
5555
7047
8348
507
3851
2043
2594
11324
4341
1874
5139
10915
8501
3398
8590
5769
144
6557
7376
5721
4848
12046
2171
3934
9239
3489
6095
8803
4324
5487
10762
4201
5460
8961
12146
7355
9966
7033
4389
3419
5543
4734
10311
12014
6396
9816
10635
3804
99
776
7351
10352
7516
2326
9113
11310
1249
6352
1147
11788
4629
9447
8026
2962
6269
4663
4562
5536
10321
4211
6365
5822
10690
8720
2850
276
3163
9087
6433
1292
7081
11197
11119
4774
6345
3284
46
2604
11662
7617
240
8955
11671
9761
6295
4157
7587
5509
1397
2976
7589
6089
11829
9542
6076
31
3811
4640
6615
12000
1617
2621
8673
2624
9849
11402
961
608
7554
5489
285
11570
4339
7186
4665
6317
1724
6404
8652
11837
10571
11223
2779
6600
10549
5184
343
4916
10963
5601
3148
648
4440
7550
11492
9792
12169
7032
5313
10535
3093
9774
4580
5591
487
6239
6863
10702
12280
7923
4115
11148
443
1810
6280
8591
57
7987
6403
3380
5399
10686
6634
2716
8010
211
11419
5254
315
10700
8480
9540
1772
10368
1447
5105
399
10886
4131
7115
2743
1742
5363
11931
6874
4577
11541
7368
6188
1152
4645
11456
5891
11564
8300
2599
4760
9386
7994
9352
7617
863
8476
10602
4295
3829
9093
932
9855
3635
4261
8114
6758
71
11498
3068
4892
4646
11817
7223
1251
875
5476
7288
1532
1635
7629
1638
8534
10841
11411
9644
3200
1868
531
3735
4814
3795
1210
8555
5650
8695
2428
204
925
3134
1524
7632
8438
7849
4816
5978
8532
6440
8044
1893
2091
8048
7906
4568
10041
5059
12193
2252
6406
9116
1248
9913
8966
2126
2704
870
11690
1861
1041
3656
7769
12213
8438
4020
8947
4317
8815
11515
1917
6849
485
7761
5807
8367
8866
4959
7835
2453
11446
858
8718
2525
9623
9423
3467
11732
11326
7351
8808
7094
3436
4314
1175
273
600
117
9903
3125
7990
7330
8033
9439
10972
12220
4856
5897
11414
1263
2365
5112
7388
12056
9547
7880
7407
4174
2087
5847
2266
8859
808
11223
11085
5052
5150
4226
1943
7968
5179
8637
4534
9963
9556
10185
4352
6372
2411
9111
8561
1820
8207
4990
8355
10143
8398
3242
7528
3888
3391
3380
1774
5206
1
2960
11709
4620
4492
2732
7985
9452
4051
12253
6517
5925
9898
2776
2300
7935
548
8446
1697
296
11675
11389
7131
9096
5218
6465
4635
7303
11886
8563
5379
9374
5800
8326
11388
2934
3759
4629
14
213
3446
10110
3365
9808
3485
7428
6246
9613
7752
9056
6462
6000
8419
6777
4281
1243
6212
8812
3139
1243
6412
11026
11725
3343
2734
7834
3126
5581
808
4386
8498
4962
5956
12256
7272
11311
10035
9156
10100
9850
9265
7754
8608
3063
8271
5699
9375
468
5743
10230
9127
6047
5570
2365
589
9822
10310
2678
1163
7424
1097
10595
10800
9272
10357
11318
7566
4978
7722
250
4533
5117
2389
6949
2253
7873
2910
2072
12007
1248
2001
12122
7949
10458
2995
11634
5690
360
5744
6684
6395
1980
9812
1024
6184
10160
2697
10796
10887
4513
579
6712
897
5113
5313
9558
5990
9929
493
8895
7560
8978
7051
11342
3452
3613
9629
2416
6953
2948
7473
6578
7049
3921
9561
4842
11275
8351
10191
4358
7232
825
4996
1230
3395
5429
1008
7176
8247
3646
9372
5106
908
2324
8709
6396
11875
7337
2680
9538
9328
9637
2640
11394
2110
2372
10995
722
7485
10475
3065
11372
7582
10766
6844
8391
2928
2952
5235
12086
652
9738
7600
6031
10133
1065
4494
9808
977
11439
12269
8729
5749
6373
3731
9888
8454
1054
2126
3960
8339
5721
3965
3332
3234
8686
11733
3967
6165
1401
9878
9668
5251
5175
10015
7317
378
5145
9886
4455
1364
5574
10040
8399
2826
10100
1245
9882
9519
11018
11473
10261
7990
5147
6854
615
833
9886
2861
7236
10952
8231
9094
8536
11182
10318
3789
6444
6424
10359
6656
6840
4103
2127
6229
5387
8608
283
11086
5588
5958
11718
11109
5889
11276
5688
11461
1174
12152
4129
4070
7050
2281
872
6317
246
7041
7840
6856
2536
5042
1733
499
3448
1773
3078
11679
10025
4806
2455
6293
657
9053
10875
8189
6484
9432
12132
9984
7012
5722
9520
10907
7848
9729
2441
2607
8524
8830
7788
10618
8797
1584
4688
7138
303
7997
845
767
3153
8767
5770
4103
3836
11201
4223
8775
1884
3316
2662
4351
5304
11499
7337
11660
2386
10427
8266
1743
5735
11752
6074
4252
7457
8207
4731
11615
5711
5667
8705
3127
6644
3686
241
5020
3767
430
1128
8220
380
10394
9831
6806
9191
3624
786
10778
5128
2988
12247
634
5210
1900
32
