10581
2529
4575
615
10026
4993
11382
10813
7982
8613
2985
1273
7129
3792
11276
3565
11517
11288
10847
7611
10587
7523
808
5524
1178
1317
5848
3426
7435
2383
1996
2532
5523
1540
4046
11036
2123
8526
9059
8738
3511
1871
4779
5460
4633
5995
3750
435
4803
5992
7947
12096
1516
859
7292
8431
1148
5212
8627
6851
7586
5619
7974
8324
6420
3913
10411
8346
9080
5273
6405
8828
11667
5821
7713
3219
2738
5274
949
1322
4217
657
8606
236
9835
9939
6975
10122
3622
11171
608
6407
4753
8781
2732
7072
3134
4945
10190
8871
8145
11258
348
6354
9984
8378
9709
11438
5755
1350
8551
8867
7990
6953
6676
9755
6343
3673
2559
7145
10974
54
10287
10037
10469
4611
8501
10376
7055
2877
5254
5860
6877
3454
11912
6443
10837
5122
240
4607
3815
2157
7677
5340
7894
9038
2953
11926
10617
11857
9586
6677
3183
12250
1872
8249
7524
2618
499
6867
2794
957
11984
11834
1554
11066
511
10423
605
3425
8254
8967
7102
437
11130
11695
6047
5693
2257
9349
5867
780
11630
6248
330
6175
6784
7896
4745
481
5751
7110
11791
5021
1406
1424
7957
8932
6464
10387
131
10878
10046
6459
8683
4142
3800
854
11676
8433
9193
1016
10580
1910
8830
5865
3024
2832
10024
5431
3391
5486
10635
1132
247
10377
7707
11659
9754
4463
6637
10491
9105
7571
3333
3981
3413
816
5767
11816
7766
4611
3209
5695
1494
4510
4379
5018
11373
12120
6544
2301
6686
8982
7547
7244
2388
5190
9770
7935
8664
5664
7904
7557
10522
5553
183
6896
4416
6402
2430
6481
2313
10126
11403
11097
1429
3910
7551
11923
4660
8210
11370
9148
7997
9304
10019
3998
12232
4720
520
9619
8633
2939
6883
7721
6969
6098
5866
7743
643
5564
8026
4265
11457
2458
8054
3703
1260
1249
1451
7442
2957
10916
6183
3945
8606
1211
3761
6569
10271
2525
2830
9888
1642
4737
6587
4394
4134
10646
6156
5547
11487
2917
11433
1893
11852
4547
2961
3541
9656
7397
10762
5917
8719
1343
6336
10915
1753
11151
9796
10551
4996
8883
11906
438
10074
5624
9175
3775
4981
6986
1283
7671
9677
10465
10710
3175
2589
11197
3653
265
8680
8972
216
3752
9361
7784
9710
6398
8795
1364
2931
5792
2612
2094
2174
8223
7837
5045
2458
1310
8098
1484
9162
3879
6966
7303
2461
2491
8398
6521
9375
124
3169
7451
5753
4954
4150
6821
362
1298
8317
2877
2857
7230
11402
10520
5739
4531
10254
11039
11090
11264
10867
2912
9469
8502
2606
5931
5645
8353
6538
4168
6429
8834
1601
2409
1932
9256
5549
2237
1490
8988
5962
6089
4050
8104
688
7871
6119
7974
9460
7988
12260
11950
240
9744
1593
10264
7026
6474
4048
2493
4177
838
6136
8270
8418
2659
9211
6571
9768
11693
2192
6524
7656
10497
11457
8472
2906
1900
10621
8377
4282
9314
11275
9024
5320
10473
11250
2362
3532
7322
4526
3928
3477
9501
1947
5102
345
6806
8612
340
10711
2940
5511
9830
12193
2446
9259
854
9924
3564
1337
2200
8294
4699
3769
7693
4278
6572
6575
9961
9883
3430
11606
160
3283
7340
8819
5077
273
674
4679
1990
4743
4701
1500
2266
7708
9023
10065
10285
12179
3855
438
9669
4554
4510
2656
4241
581
6827
11120
6763
10940
175
1302
5753
1267
5943
5821
320
7894
690
1598
9242
1977
2410
9040
1325
11707
6283
1713
6977
6051
623
4352
2366
9446
11382
10677
12169
3750
6812
1261
2157
8066
8210
2865
4576
8927
8480
2238
123
8837
8640
5119
7600
687
8992
5336
7091
5386
2591
3544
680
7161
3288
8990
8123
3557
517
7547
2410
8042
6698
675
264
6060
7771
7300
103
7113
1733
11835
629
6939
1721
6714
4816
3081
12275
7006
5150
11686
628
11203
6901
9504
3731
3402
12286
11418
4689
8714
1074
3755
6871
6779
3967
1821
1596
11254
215
7520
2104
6316
8398
2242
443
9132
2863
11602
1695
11848
4074
3282
5316
8769
943
675
12073
6639
9851
8949
4243
6479
9902
8616
10981
10409
9603
9740
7275
10696
1935
5222
0
7434
7238
7878
4946
5098
6680
6671
5457
7047
5852
1061
5777
188
8819
5763
5565
10184
5180
9525
6600
6755
6729
5935
12077
10933
1681
1224
10390
4638
12005
10633
1282
11266
4541
7100
10017
11962
8695
889
2197
4236
1421
8525
5601
10247
2195
10294
11390
4143
184
6888
3896
4554
140
3154
10936
9321
8454
11093
10875
11359
9296
10644
7768
1993
401
7123
6683
9543
1784
8217
4555
412
1281
4581
289
357
9984
8609
5955
8872
5581
392
7350
10841
10451
12038
2054
4692
11715
7702
1443
6229
4490
12140
5913
7759
8086
2465
5988
6350
5711
4200
5586
7173
7158
1779
1796
6901
10247
751
4514
4402
11021
6991
3118
172
8104
5847
3872
4436
9117
9601
2511
1513
3985
10866
3313
784
7880
9832
7725
12115
6027
2998
11378
11590
1800
702
3314
12069
11783
6493
10990
3637
6307
9244
5845
2116
2565
9400
7678
4017
4333
3612
9462
8480
3068
3842
3138
6662
9746
7952
5034
8845
8729
5154
1476
8408
3475
3712
4801
6270
3447
11602
11196
3525
7498
6683
11534
2047
4780
11622
4158
813
10388
691
6060
4534
1588
2146
2396
8837
5860
7875
1153
1435
9743
2338
11752
6935
2426
1350
3302
4556
11198
9335
8642
9557
3563
5973
974
7040
870
1803
3858
5598
6760
11744
6119
3014
4856
3034
562
8209
5274
10393
2749
7523
3585
4683
9037
8494
11469
9038
9761
1105
8525
9535
6124
5967
6359
2350
8483
10747
3520
450
7125
9216
7958
4215
11170
11590
4624
4838
1535
570
5681
7877
10306
4144
8027
9558
11084
12073
11733
1749
4842
11389
3506
10099
148
4759
2932
3065
5641
6042
3427
9617
6765
4782
3431
4139
7663
3156
9496
10733
6392
831
6309
4870
3524
3771
3342
6146
12012
197
6782
5963
10420
6244
5209
12215
7990
3772
9025
1295
5388
5889
5575
9205
582
1387
11313
3331
8434
6446
5324
11256
2822
1079
1268
8912
3611
9860
10935
8046
8423
8103
7047
11663
9107
3968
7584
11498
6498
6615
2061
8970
11717
4117
8401
11251
1152
9547
57
1371
6695
5864
10588
6453
8182
11046
5926
897
6620
7746
9297
6608
5733
11105
8242
1751
6840
5229
7912
1703
7889
5778
6598
9276
6069
8291
11000
10341
5053
9125
7542
3679
9586
1419
6685
11072
5087
1277
9764
4774
11035
1888
4372
6569
7774
81
6050
993
9717
4391
3470
2270
8443
2923
5834
8932
1137
7101
10535
1176
8343
2032
7456
1568
8688
1694
11092
11932
6448
6726
7302
8735
6744
3417
4763
2384
4247
8917
3504
8112
4239
10791
4270
10892
9576
8318
6972
3339
7442
7525
11311
11249
6262
1771
12067
6223
9249
8401
10087
7044
9207
3189
11848
7115
10569
6641
4638
8715
340
4663
12151
7041
4552
9252
9647
3348
9052
1873
3462
10017
9704
858
7855
8267
2226
2363
3395
2970
3803
10038
7405
8212
654
4318
7875
12193
2687
11987
11030
8285
11545
4085
10613
11085
11132
4919
927
2525
9448
3536
7626
8734
1125
7012
11217
8670
6704
11988
7747
10131
8347
8834
7327
3321
11760
4806
4130
9592
849
9250
1393
9872
7119
11070
7397
2717
7434
10182
11953
3934
10740
12064
7026
10735
2369
472
10686
4574
9298
9822
11769
1176
1486
3394
1647
10816
6516
10052
1027
12225
7463
8640
4700
11059
369
9579
8696
11522
10266
3
5799
7358
10797
10958
3768
8306
4413
3628
1451
8794
7432
6052
9248
2028
1754
6623
739
3337
2759
2513
1551
4145
4584
6219
9808
10406
1356
12000
2605
5064
9563
3188
8011
1719
9255
4998
4929
5087
11311
501
8874
8090
1853
1814
9689
8271
5373
236
3094
253
4882
3997
9623
6804
4572
6859
8688
1143
3925
7385
2801
7800
11090
9786
5295
6000
10530
1788
1334
102
2476
6382
6704
8790
5324
3999
6407
5993
11477
1191
1789
123
10750
10195
6019
11679
10139
7176
9492
10268
3071
6096
2807
11452
9843
303
8046
1756
9919
4876
737
3466
12057
7631
12056
8007
703
10038
5835
10674
3871
5905
8245
2042
5210
2675
4974
10028
11156
4481
6922
2552
6102
1729
9498
5411
6066
10194
3653
535
7705
12041
2383
297
4277
11699
2793
4022
9623
2322
8741
11410
3598
4336
7087
7905
5781
6090
1704
4315
3698
1528
909
2557
7763
3053
8666
3045
12020
10678
4726
5888
7195
10543
2949
1392
8635
1701
5780
8240
5203
7580
7355
4658
2269
78
8948
11313
3814
2974
8510
9400
5120
9080
5297
7114
2746
10480
11067
4417
2094
7674
11399
400
8865
4988
7364
2611
5213
1020
6129
7835
3070
3158
6472
2423
9123
8204
1347
9957
7171
62
1612
691
4632
12006
11186
3735
4982
12100
310
1356
4169
1728
9242
3226
10098
3183
11641
3254
9166
6859
3061
5313
10662
444
1926
9936
960
10816
10134
7006
9537
355
7059
2515
4698
11756
10508
10998
7866
7448
1335
586
11754
6333
4569
11461
9139
6028
7961
6981
11271
2503
1688
8729
9688
1210
10699
132
767
7312
170
10291
787
8380
7025
3566
10907
7463
10981
457
10108
2215
9681
8512
4827
816
4485
4610
3118
4924
4616
6244
1504
10130
8846
9443
6009
5665
8623
3709
7729
4602
8291
971
7816
10185
9832
683
6506
3554
8158
4043
822
11576
2732
8773
10183
9855
3931
8878
10873
3260
1557
8939
6349
6271
7054
10755
2361
5697
6845
5714
6537
2708
7298
5075
11229
7769
107
11662
6381
10658
9432
5953
5173
9
2216
3299
7036
5246
1471
