5013
11090
178
9009
7973
2045
741
7872
2489
3220
8658
9596
2942
4354
9499
9661
21
9435
11787
8564
4981
4937
12076
11502
1910
5265
9774
6306
1310
3676
5740
11074
7411
8172
11192
10779
9159
3684
9034
10746
9949
10503
11379
7747
3965
8990
4578
9969
11251
9006
6772
9222
8300
11804
6169
8287
2070
877
11338
8521
4601
6899
6628
665
2627
7805
10016
4644
8922
4648
2707
10266
11510
9918
8020
7410
5879
8739
11324
1142
10280
8785
11450
6934
799
8437
11956
7461
9357
10059
4950
10889
3325
2324
5911
3246
3767
2301
3002
1844
5716
9595
10433
2979
8197
377
1471
8635
10270
5089
7647
10058
10639
7977
5358
5322
7134
9085
10930
6953
2917
12001
6581
3818
1514
12275
12010
2010
7433
9234
653
9710
4286
10253
6107
10697
7744
1357
11009
8200
135
785
8212
8387
11151
9146
636
1936
4821
2304
2127
9449
7602
208
2305
1065
9028
6519
1435
243
1484
7185
5723
6523
4001
10619
1371
9952
4966
2215
9231
1332
3086
5862
2085
3168
520
2408
4348
3391
1480
8129
7611
11737
10529
8030
4782
7044
7464
1531
6195
11236
2656
5992
694
598
10815
5615
10585
10144
7494
3429
3770
2419
6943
10680
215
3638
11462
4180
4223
2774
922
10295
6159
5587
8450
9474
12080
11998
10589
3512
4725
10348
2779
6101
8052
3360
1231
8968
5566
5493
596
4681
6802
3346
2279
7937
10206
6619
3641
12275
3367
10590
4321
4621
9416
6008
789
9094
6062
17
9401
1252
4809
6425
11842
9187
5242
6836
2948
6659
2905
8852
9424
7251
11313
8281
1026
2723
11618
6398
12242
11536
629
2261
8764
7821
8884
1952
3821
1273
805
4463
2409
3631
3914
11448
304
3501
1323
1951
11306
4807
4254
3881
11988
248
9678
7860
667
3096
10447
10024
341
3276
2105
8925
5569
9724
454
5369
4711
11419
3891
3538
11450
1734
423
10025
2570
7015
1292
8709
7628
11603
9929
9336
2530
570
4035
7283
181
828
469
2193
6427
8520
8786
9789
5850
5609
8144
9406
6751
1030
3075
7328
7036
1973
1007
5173
2029
1780
6139
9953
7717
2776
4319
8541
2109
7801
1350
8244
5738
9728
4325
11741
10770
5824
999
2683
6959
9498
11137
471
3327
3545
5562
10937
10442
918
8946
1880
6551
1121
8887
5300
11455
5864
3276
1206
10063
278
292
3890
12004
2014
3260
3100
8463
10281
11445
3435
11773
5321
2088
2253
6541
8681
6262
1270
8895
9234
1148
10596
8827
1242
6259
4509
6757
10763
10491
9563
7584
4951
2751
3812
6583
5235
2664
8703
6094
6445
2579
10234
11943
11730
1985
3887
3176
8551
246
1220
9166
296
2978
10031
427
3081
136
6628
2799
2457
4251
1808
11009
9477
3793
10800
11684
2339
7085
11282
6397
11916
8238
953
4260
2204
4127
5918
9349
7275
8791
10265
8324
5461
341
3972
4983
6252
8896
8575
5837
7674
5408
1028
301
5589
1445
3788
9837
6009
8632
7725
6034
10773
1905
5560
10449
8761
11418
2283
8416
8898
7475
4922
512
3340
3871
3638
8517
5570
1062
4652
825
3613
8573
12223
1762
10009
9993
127
543
10381
7739
3243
11165
5913
10314
1597
10833
4598
7816
5772
11571
11795
4289
4300
12143
9226
7765
10688
4683
4018
9953
9877
290
4621
2220
10152
5094
8649
10331
4894
11291
3163
5345
2088
9628
5171
9918
6486
11151
8609
11959
8058
1745
3532
5039
1126
3104
7454
3153
7849
4595
4870
9560
7863
6970
741
4501
640
4578
8729
9660
785
2041
1273
9298
4269
9738
12122
353
11633
10218
3076
1373
430
8625
5295
4312
7241
12238
6663
9773
4566
10964
7042
9402
1737
1511
1339
4809
3532
2169
9337
8689
10881
4547
11807
2030
3547
11220
11239
10614
4838
12148
11303
1059
2989
8146
4171
3598
5304
3216
747
5792
4158
10757
583
6434
16
549
11859
10874
6561
455
4318
8905
7517
2577
3777
5520
7046
4953
5164
7278
8463
4428
5830
452
1116
3664
3249
2352
2850
7074
8515
2388
11356
8689
1152
1459
4810
1428
6045
10505
4538
3204
6976
1834
10229
5402
10356
8496
1969
4920
0
9508
6457
7140
6392
1485
9433
9481
7763
11572
1560
2534
1960
7190
10314
6131
7187
3034
5144
10645
1667
9033
979
9310
5227
7232
7420
5761
10128
12131
5611
8832
9548
5456
8552
7193
8021
1744
6879
11644
4668
1986
614
11882
6995
2698
8775
10640
8891
2482
3115
131
11992
290
7446
11853
7216
11733
4068
10475
3445
4960
7770
4677
11823
5756
6054
2974
9417
10549
10967
5332
4381
1899
5457
146
2555
10385
8197
11434
5107
5935
11198
6102
9956
11819
1610
5435
9527
11843
11254
12175
4593
7742
8824
4891
5331
11871
10127
7335
4931
11193
2312
2178
7075
10900
10980
2801
10903
4158
2698
91
8696
5197
10859
3678
12045
3179
10031
5683
12120
9112
532
2047
11186
8316
7421
3493
11005
12204
3033
815
7956
928
4723
396
8955
3728
2689
8545
2807
9366
6795
6334
6928
9277
7326
3951
9790
5100
10898
3119
14
3154
5565
5314
10981
12122
4119
12280
7842
9529
5370
2649
10019
6079
10794
9379
4417
217
10141
8877
3069
3427
6194
3664
1733
5778
974
9417
8123
5468
3181
11750
2402
7953
1946
411
4547
4493
7916
4940
7703
10218
9710
7156
10236
8732
5386
3916
2864
8073
7543
5089
2871
8472
9915
7562
11258
6378
1479
5011
2998
7513
7649
2673
4002
7011
4910
7003
136
4407
6872
204
1099
9471
8739
10112
1724
4937
5458
11891
5055
7951
277
9146
5290
10492
11882
2399
8302
5043
11145
3852
12106
8224
9901
9889
11156
4
2617
2098
5968
3728
4013
6968
6
9249
2472
3049
10576
6573
2249
10469
10523
1152
11158
2961
11043
4800
1783
11680
3307
3293
748
4135
10878
4643
10397
6058
787
11363
2183
10696
94
7746
2607
106
10969
7857
3219
2701
1687
4466
6754
12281
9670
7142
8889
968
9968
7662
893
4491
10639
8557
5119
1286
8131
5459
11230
4159
9185
8988
1109
10909
8271
10681
4376
1413
5431
2438
1430
9818
1223
4762
3125
6244
137
5940
11572
7435
8778
11608
8708
8315
2211
1587
1297
1316
7147
6717
8447
5536
6145
2335
11985
4977
9353
1496
9072
2451
9615
2533
9358
7505
9753
7844
11861
9817
6291
10411
9295
11143
387
8979
11055
11399
2985
6051
5774
11973
4499
841
10971
6293
1725
8682
8932
9053
2127
4721
5310
10587
5640
1382
5274
3213
6688
6316
5357
10025
11791
11857
504
6993
9621
9352
1975
8375
8223
796
1656
5615
6225
11284
1162
6017
4660
5548
1198
12119
2820
11447
6384
1904
6574
995
10212
10762
899
6354
7368
7767
10120
5695
5890
5892
1970
3893
5901
11547
10373
697
11972
6770
5369
830
5216
9643
7566
6940
1184
7774
12117
8447
11744
11588
52
7570
2352
7113
5077
9641
12131
2676
2283
3805
736
11604
4397
12101
5898
6722
4975
6396
6114
8021
5594
7713
11359
969
417
7879
2375
8738
199
7909
1470
9455
8801
5645
7156
512
6151
5707
10811
873
3968
10984
746
2325
10267
6536
7345
7015
2863
1623
8484
6671
6289
3566
1621
2916
9305
9798
11935
7413
8735
10234
1886
6866
11014
11235
10744
2095
7761
3919
8956
4698
11188
2405
5609
5991
9508
7141
1792
7693
4165
1200
11684
8288
7847
1579
4453
8376
3663
9061
10966
6017
8460
10573
3505
7856
2115
3738
10908
8534
5257
3076
7704
6560
10321
10357
10970
8187
6693
12273
5939
5817
3861
11195
4482
761
1042
9325
454
6351
1326
8686
8026
1473
11127
9737
155
10877
5767
7079
4017
10664
130
3699
943
1850
5057
9734
2492
9859
6346
3479
10527
3121
12085
10211
10579
5640
5216
9617
1828
1913
10599
10807
5674
5044
8211
6934
12173
2747
2637
7357
6026
579
194
4382
2820
6193
7741
5673
5543
7556
10491
9253
8627
4867
5285
2753
1078
11745
3180
6926
9305
2276
4376
3250
10889
808
8427
5937
6844
11633
8208
11168
8862
11446
3274
10884
10821
2586
4103
4355
5511
4464
8949
10673
6244
7020
351
2669
4262
10189
9430
4361
5339
6452
347
7909
5747
4517
8029
9470
9279
9591
4984
6215
10339
3866
10139
8872
4046
6871
4323
7164
10789
3912
4515
7077
999
1243
12159
5419
3676
10705
9960
7243
9682
11320
6026
12194
10730
4688
9485
5549
3166
6996
6035
4387
3201
5661
759
8236
7441
2748
3657
4199
11130
8338
5531
8592
3469
1368
2590
9312
8850
4865
7199
3217
1944
1113
925
4633
5833
7928
4284
11873
9626
1109
8333
524
11962
3119
5464
8922
4520
3022
1740
9648
2421
5117
1121
8228
8843
1963
1876
6168
5785
2460
4968
6849
4179
3273
12
3639
6446
7559
500
1305
5105
8341
2718
7862
7788
411
12163
9702
9979
4658
6200
1008
2443
5057
10536
3073
8058
11469
7589
7602
3456
3127
4367
4382
60
8531
4581
9921
2017
8453
7169
7856
7397
3598
10581
2203
11508
2972
11811
6939
1306
2789
7204
5337
5169
971
11046
3091
210
4416
4511
8814
2601
11924
1333
3036
11479
10794
1583
9932
8480
11585
4102
1966
7286
10656
12188
8559
7593
1463
11467
5257
6976
1659
11632
4572
9813
7855
11123
7937
658
8184
12045
2413
8152
7662
8364
3322
10170
6986
4819
10750
7263
8893
12031
34
841
3014
11567
7125
815
4550
10361
1527
9743
11208
7905
7899
5911
6463
11232
8885
7709
5903
7552
3095
3985
9674
7102
7518
3342
4085
11986
6483
8553
2296
2003
6039
6137
5704
1557
3625
7622
3344
2835
506
11141
9214
1085
12241
8663
2887
3438
4792
8540
