10655
9899
480
6740
9713
10926
8636
6879
1189
10837
8601
183
5477
556
889
4230
9625
8886
1675
10801
10000
9868
3104
5453
6933
1886
5113
12128
4892
5535
5481
1084
7346
11239
3629
563
3775
7631
6461
4539
7719
4741
1493
4632
11388
4305
9225
1583
8401
5876
1570
11156
2917
6908
8539
5104
11727
8243
3001
6855
69
2703
5719
524
10959
5577
3286
11329
11461
866
808
4081
4816
10720
12183
4125
7935
3811
6126
147
4865
1011
6444
1568
9317
4525
8947
11291
4419
8462
6449
3242
1213
9204
9986
2718
1884
4179
3579
9042
9654
3607
6215
3189
2788
1264
6808
3867
9242
3751
10454
10976
5388
10675
2746
7212
3656
7443
1767
2275
1789
3048
7778
2872
7650
1835
7741
2109
789
5341
1584
719
5810
8370
10387
3235
8235
7161
7329
202
4332
9745
1284
1455
1212
2727
5595
1550
11595
10155
9533
6766
3896
8733
2658
1501
8355
768
11556
9459
3084
9843
3553
2021
9104
7301
11066
2405
5188
9591
6295
2516
8483
10719
1417
11834
5811
347
4692
1233
7606
2786
1839
8739
8197
1070
10133
8106
11014
374
9594
8881
34
9315
8990
884
11933
7912
9896
5756
5837
6636
7957
1279
7675
9238
6122
9228
11780
6394
2485
10786
9808
6286
6844
12220
1244
10626
3629
173
11685
10039
10155
12010
11477
957
4404
11088
4578
12111
1381
1003
10492
8447
6318
4501
1229
1188
11237
9857
6122
2517
1245
4085
3632
465
6243
1573
9083
7503
3531
2784
4541
9558
2420
5791
8279
7339
10489
11216
9310
7721
1308
7488
3892
1441
6551
760
1467
4148
5622
1287
10955
1428
5318
4101
5189
11726
5346
1999
11491
2325
10709
8247
5875
1678
10426
1979
5970
10940
9821
7622
9563
1260
4111
2501
8480
1328
6382
1069
11571
8933
11459
5195
11090
1711
4427
9298
378
4796
7148
1086
9905
3413
10260
5077
10526
7743
1423
2668
8358
3762
1877
1708
740
667
7228
2418
12055
1614
9857
8826
9658
3254
10765
955
5453
10232
2805
8137
5579
3887
3334
4704
6478
1255
684
1449
6854
8775
1218
4396
9542
2142
1900
6482
2844
9524
2707
267
2782
9438
1026
6751
10982
11020
6319
3140
11329
5863
8306
8551
8230
4873
219
6095
5732
2067
6278
4522
1731
9096
8956
2645
6904
7003
12015
3540
9866
6986
9753
6031
8245
9111
5086
2285
6530
2624
3036
8772
4103
2026
4251
173
8271
2917
9511
6974
668
8981
9680
1296
8472
12077
792
4528
3399
7613
11047
9536
9160
8547
186
216
4908
9876
12085
3256
9393
9864
12248
4521
5233
11235
8815
669
2989
2470
11420
3977
3921
4170
10828
2481
3961
10960
5977
8247
3597
11463
579
8684
7282
4690
6566
1456
8218
5371
9206
11852
9869
4659
7530
4207
5002
8090
4731
11646
6100
1942
9896
8936
2570
1942
167
11982
1007
5700
196
11674
10261
10801
588
9092
9779
2808
2532
1209
1762
2635
4640
7495
5810
5356
8584
4210
4871
9509
2219
1131
5501
8536
9352
3045
1672
895
5852
5425
3252
52
7763
6814
2326
8555
2106
3616
3586
3586
6131
8403
7801
12239
7058
7227
8082
7981
9222
12079
9839
2385
5867
9235
2288
4533
4950
5076
7380
530
10313
6275
3712
7672
9687
3252
2450
3618
10351
4775
11921
8819
1432
6273
3689
3303
8351
10069
10845
7936
2327
8728
635
4771
4139
6304
254
470
8435
8585
3855
12065
892
1806
4478
3747
3757
819
3420
5693
2619
9775
1678
1134
10492
7407
8389
4381
7948
4465
8599
8321
401
9595
10802
12159
8128
8362
231
6447
7402
8015
11933
10209
1750
3345
1176
12172
679
5578
3285
8096
4039
11330
4796
9680
1539
1162
735
64
11400
4758
6521
10060
5896
3507
6420
4814
8442
125
9780
3207
4281
11554
11606
8544
169
4276
5710
11366
11805
11018
6536
3203
6073
4911
1576
2099
3930
5455
6439
9640
5623
5875
4855
340
6600
5466
5808
5479
695
9266
4678
5745
10129
8114
1553
6229
9163
9852
5399
3624
4683
8391
10738
11176
7309
6003
5126
6877
11015
9689
10091
913
11475
3379
2372
7991
7703
6908
11646
770
4919
9699
5278
7420
7005
10345
5873
5920
8690
6896
11735
3353
11464
12264
5352
11759
5461
8669
10656
880
226
5615
7777
5077
10887
6364
10168
10512
12111
3074
10830
8665
3540
2544
2157
9629
9725
4588
5509
8619
11307
11868
10540
9390
6464
5784
3421
11610
8404
2029
8998
2338
3806
3801
8222
8576
10743
11550
4364
3976
3802
7179
4792
6734
1231
6404
7907
3662
1004
8054
3437
4414
3707
7807
9529
8921
2309
7426
1944
12136
7661
5458
9741
11604
4071
1802
4153
10422
2179
7356
8235
9606
8876
8166
5949
10432
2605
10933
8190
662
3225
11427
8258
5881
692
11972
2799
7792
3865
11214
1112
11620
8068
11058
10583
7575
7232
9913
4897
2670
5497
8573
2008
11576
10449
8889
2064
3501
1147
6552
161
1491
8279
5503
8346
4578
9139
9848
370
7513
11552
5035
3618
11890
2170
7390
10236
9998
1273
7099
11314
1827
11889
5870
8395
7720
8193
6946
10987
11537
10699
5024
5843
9687
5244
1156
5435
548
2107
5660
8482
10740
2949
565
12279
4498
9665
483
10837
11087
10149
2078
10196
1793
1403
3803
6554
8176
7928
9057
10348
1088
5773
10697
5317
2821
3077
5370
3473
7116
5373
11884
8003
10614
5448
4969
2721
9839
4613
135
2589
6173
4247
12000
8927
7555
11977
5761
11671
4339
11168
12170
1967
448
4672
669
3169
2472
8214
3498
11869
9567
1028
8966
11939
6682
6109
11745
5741
7602
3903
6305
251
8515
1504
12284
348
9193
12221
10619
7423
7972
390
11725
5915
9353
8264
8852
12128
125
5904
7629
10815
3831
6008
4496
717
11361
6644
9235
6392
3553
5678
1652
1292
11259
11533
11524
11401
8339
5142
7274
5199
4695
7310
7258
1208
9449
285
8672
5138
10586
1702
3028
3325
7169
1599
6625
11076
122
7076
2492
9059
5688
8597
10470
6068
583
4203
2227
3241
7041
6155
7206
8787
5503
690
6475
4787
5886
11164
2640
2162
2234
8632
8778
10052
4735
7223
2785
4427
8898
7758
4511
1750
10314
5061
6200
9458
11630
887
903
11666
3390
5920
8207
1742
5552
7072
2516
7654
11124
8656
10423
372
10971
8515
6455
11550
2520
6846
1178
998
954
7082
134
7439
4291
4605
1981
8032
10951
5570
6577
5375
1195
3072
5083
9782
6350
338
11513
1077
2178
3341
9238
6984
6095
1289
8198
4981
3753
11590
9081
2479
1634
9626
6829
5923
1800
10498
6944
7028
2497
123
1257
6543
10237
4552
3208
12168
6741
657
6816
6296
7287
2323
11944
4536
12125
3512
11167
3267
9980
11082
1385
1158
5682
6394
10523
9912
10600
967
11742
10549
2960
5699
5997
10828
10406
575
9473
8444
7647
8835
3277
9982
6501
2482
4920
5960
4260
2694
9388
11585
2910
7740
11373
583
3276
296
2536
8863
11775
10104
10054
6030
12093
4441
8638
10196
2911
3792
10514
967
5334
8631
11180
2416
10575
9098
905
5325
6464
3614
4557
10987
11676
9930
11109
9882
10957
4627
3359
1249
2472
5881
12009
10423
6593
4644
3993
1175
9503
8985
2809
10896
10800
6199
5931
10529
7170
9191
2205
2983
6133
9322
11028
11806
8459
1659
8825
1239
1658
9387
8809
4753
158
11289
8803
7305
2597
8670
718
7290
9766
8842
5895
142
7842
6104
6606
9029
8006
8479
4772
7451
3536
10737
1308
4170
8703
3128
9130
6449
11117
6196
6940
3447
7491
11411
9830
6169
6379
6913
6490
8965
9336
9148
8537
3343
264
8185
7914
7991
9799
1906
7405
8742
8075
12174
12078
8100
7425
11413
2569
1764
6903
7801
3131
4673
9186
7700
9468
6246
3165
1950
8648
9350
5404
2176
11927
1503
10312
4364
4192
3137
3454
4918
10246
7970
12137
9149
5885
11703
9754
1225
116
2767
7010
7702
912
2834
1744
1489
4204
2480
4714
10809
10049
2504
5864
10258
3430
4486
1157
2625
7963
9859
7285
7892
2121
6062
9311
4416
10320
1877
8589
8741
8006
1367
7075
4761
11890
11662
11564
3545
3748
11307
7317
10524
9609
3100
6126
7556
8136
9900
5864
4650
11326
6692
4075
9089
4322
2873
6826
6359
542
4239
2309
2723
5277
1093
6818
582
6550
12249
8634
8929
6814
6
19
6473
9951
11577
2583
8330
3717
5824
179
7660
6478
1666
7607
7197
9178
10391
4391
12179
142
8585
8573
7080
7195
1757
53
4094
1775
9033
8573
9318
261
5833
9147
7059
772
5278
2969
1423
5882
1378
7144
2419
1692
211
8750
4913
5814
9110
9972
9072
3487
1288
9130
2228
9137
11251
6801
5226
9581
10338
1609
2866
2350
11431
5297
1253
9875
6456
10183
10208
1509
12105
6999
2714
7426
2349
10007
10739
5429
8934
4570
12055
3318
3758
9835
10691
9125
10242
7177
11760
7712
10361
8387
4977
12204
2748
8465
7558
4817
1325
9920
10162
8083
1985
5412
8923
3040
1244
8167
7854
4560
5148
5860
10441
8638
7957
271
6699
7537
988
4873
1574
3841
10486
8870
2287
10633
9068
989
5926
3243
3290
7348
7463
4789
2373
2243
878
7893
10562
88
7643
4532
10040
6115
628
10530
9182
2127
4670
8529
3892
2398
87
3041
522
8737
9762
9167
7121
1216
5256
1498
8536
1573
6117
6181
5117
5720
444
7349
7119
1086
8487
1014
6889
5232
768
1107
6303
3054
1616
7322
747
4900
12243
7866
7034
7657
5030
7363
5305
11869
10273
9859
2379
4508
5807
2979
5745
4904
3101
1481
1884
5477
9897
331
12033
10043
292
9980
11922
9431
9101
1249
2139
2611
3263
8114
