6675
7173
9644
4919
708
4797
2456
7958
10838
11862
1830
658
2958
2817
6954
2494
8341
8084
8960
278
11339
3610
3519
7423
3250
9233
5226
11237
4869
4522
5079
54
2927
3501
4294
9783
9282
1149
6231
1979
2542
2448
11686
242
10553
7221
1894
8297
8409
8385
2035
5492
11342
4040
10295
783
5116
2008
3570
1208
11903
8997
5608
12215
3664
8341
11454
612
11427
183
4835
12254
5212
6052
9106
11740
5047
4168
5215
6132
373
10274
8858
5098
9259
6004
11988
5866
12101
9754
4598
4228
12239
724
7217
5442
594
10140
114
1569
4608
1303
7470
2830
5977
4801
8372
7385
1409
6981
5638
3635
2108
5725
9863
9078
6155
7697
11788
2429
10756
10139
9869
602
4600
2142
11859
6119
3357
12135
4349
10838
966
11133
8376
1542
10060
7054
6445
10701
769
3175
956
930
5116
7062
7273
9209
350
10932
947
8943
3036
8190
4644
11126
6963
4320
9449
1240
9232
3963
8572
10592
5963
3651
2779
5049
9772
12005
5954
2348
8374
4549
11992
6655
2513
78
860
3668
3060
3463
9495
11974
572
969
9279
1774
937
44
434
11336
12176
5628
12217
5230
4061
851
4600
3894
10208
10854
9336
10285
12212
3791
6189
919
9482
10960
5019
1813
1050
11338
11952
11625
8656
9762
1782
1338
8237
8210
5475
2874
7257
9805
4097
11412
6399
2568
12256
3478
7766
6642
9622
5570
3649
12097
413
7383
11188
1670
3830
10229
8199
4720
9596
152
10508
10215
2464
9214
8554
7586
10261
12067
8439
4237
2452
11602
5907
372
11585
6525
7901
5194
9694
8984
8667
10596
3320
1277
2469
3883
4747
1634
2545
917
10032
4905
10388
12142
30
7911
1376
6350
5830
12156
11025
12127
9699
5946
6955
3042
9933
7849
6579
1717
5435
4089
8578
6643
2244
11309
5160
5875
10181
5198
5426
11659
12248
7506
1441
3389
12212
316
4793
2782
1818
12074
2040
3827
9737
6838
6238
11805
6068
5875
11058
9464
10330
7242
7706
567
8287
1053
9759
11266
857
10579
4610
10546
7398
2755
11755
2814
2309
2327
8425
302
5665
8554
2469
2408
1850
924
12219
4669
9528
10626
2849
7096
7591
10161
4529
2654
7775
95
7946
10524
94
8230
12246
8738
3699
12089
3041
8333
1215
9192
1133
9209
10320
1016
1462
10376
11769
3051
8700
10052
4790
5928
9210
8359
11132
9270
6146
8729
11524
6234
7571
5415
9373
3921
12241
9445
8320
7250
3020
1162
9633
4852
6336
8363
812
5768
10020
6194
4639
7938
8807
1270
5785
10327
2887
1548
7387
7204
9333
3873
11312
3155
6082
10046
3604
3895
5155
5676
2197
11514
3744
8558
6212
1727
9141
5857
11899
2738
4163
3404
6184
6922
5448
3425
1554
1163
7330
10106
7470
456
11408
4020
969
6983
8150
10626
1553
3175
9248
2853
4460
663
7227
4848
10569
11158
10342
4988
2550
11746
3593
9010
8139
977
10880
5157
3964
6449
5156
7849
1855
5982
2257
9010
63
8954
44
10275
2942
2492
11887
8007
8506
1585
6233
4772
11877
10033
8917
2262
5436
2269
3618
7152
9086
1654
2118
380
6759
9275
10357
3318
5257
11021
4454
3075
10998
2689
7677
3036
5243
8065
4830
4167
4860
10300
6223
5732
593
10175
11583
6968
1053
131
10825
8125
9320
3698
7387
10002
9010
7180
11071
2468
7412
8312
9979
854
6050
5779
7045
5893
8579
961
3342
11912
1005
422
11015
6096
4315
9798
9523
4343
4581
4622
1129
7696
2402
9291
402
6775
386
2902
10747
8604
7522
2113
5401
5803
2311
9832
851
4163
5830
3634
10030
6234
1887
7312
3375
7872
4347
1489
8002
3865
9575
5183
11617
9798
10600
2782
242
462
9074
5520
1384
8264
8656
7327
9645
2385
9494
4930
9977
6031
10044
10833
3538
10001
4486
9699
3611
10763
3030
4909
5960
7180
8147
8380
7634
9645
62
1520
9605
7782
7039
521
11130
2620
6232
7841
270
6376
5624
8250
10137
8709
3763
9220
10305
2667
5779
3344
8827
4148
1659
11440
9772
1736
8236
6424
11398
10262
6061
1681
10715
10439
4850
4742
10736
2016
1613
5134
7912
1588
3230
6920
6987
9074
12199
11283
5626
2887
9724
2009
3101
3863
1186
10932
2418
3737
1217
1471
2402
946
9985
8867
2015
6892
2210
11161
9263
9615
5018
4063
1778
11640
8394
8446
2230
10741
8570
11508
1963
11234
12041
4011
3723
4947
1982
7889
10940
2273
5431
9273
7642
12259
9483
4021
708
6029
859
4466
9244
10765
4636
6205
11059
3730
894
6379
5964
156
7503
2300
11566
8332
3394
6958
11789
10326
11847
6582
8653
3688
4864
11922
8226
5547
3429
6936
6108
4124
7321
8994
1775
1777
2209
6971
9705
2845
12066
4014
9393
3308
11134
10804
4567
9423
9899
4895
155
6774
8445
11544
5584
1207
10161
11876
2611
3755
7257
9900
10083
8070
6012
11926
5932
6698
10395
11199
7913
3816
2684
4707
7230
9408
531
22
4179
4472
12254
7929
4780
2673
9474
9535
9645
4360
6075
8121
1110
5275
8463
11393
11827
4164
4224
4303
11780
11248
1822
9830
12188
3284
2879
7794
7507
1819
3091
11158
4838
11021
9423
142
6457
9312
7006
10848
3758
12105
8695
3576
3489
6814
12207
11825
873
9485
2942
6208
6362
9617
9231
9367
5321
737
2474
10676
2270
5397
1349
1290
3119
4423
1342
6994
1668
9876
6606
7506
4931
4218
10997
3019
2388
2890
1233
11739
8807
11
8999
6376
6155
2404
3745
9559
5867
680
4022
11219
5582
3970
8275
8237
10291
1742
12163
3208
4056
4794
3284
1041
3257
1582
1557
9771
9738
8333
10265
1938
2816
6493
6117
3556
10179
3272
3016
6798
9640
3597
4186
2718
3340
2623
11891
3597
8712
4777
5046
10384
2319
11799
10653
11428
8726
9353
9988
3664
1254
8892
6602
1149
1495
12081
1719
7316
198
10997
11737
2831
11905
1815
3794
7957
5079
8941
3502
7815
7696
8775
10482
1630
6107
9461
2041
229
12144
7838
5808
2425
2977
8069
3022
8943
886
8977
11948
10364
5645
1645
608
8376
11199
11814
6681
1269
780
5949
3988
3380
2628
6562
3513
5542
6990
2451
9944
2443
5009
9091
3624
4646
6064
1589
9809
1621
6998
2512
11424
10303
12077
9822
4603
8702
201
6917
6266
6100
353
2486
11471
5152
4013
5071
741
3350
7483
3267
9980
5846
590
2524
1541
6348
8253
10337
4091
11861
6470
10061
3005
8781
11435
10036
4776
203
9817
5897
10302
1097
5801
2591
4569
2473
5558
2069
3244
12165
1327
1041
11301
5148
2822
11445
4138
10291
10414
9759
3322
63
9495
4369
287
2393
2653
6345
581
9047
12213
5280
2670
1706
9703
8630
6296
1471
8673
1863
2522
10257
4082
11738
8924
3345
11494
7633
345
5408
6338
10123
10191
10232
10421
832
10149
7865
5908
2171
7613
3199
1549
11651
9675
4443
12017
3945
258
4201
7174
1015
6621
8089
2116
438
11527
11663
11850
2976
417
542
10931
8234
11682
7391
11989
6594
2196
7412
10291
10433
5175
7924
378
2060
6225
4925
673
9697
8787
5113
3453
5595
4349
1371
1026
3124
6385
1012
3832
11031
5515
3226
6345
3316
2473
8655
218
676
5422
9742
7036
6405
1907
3496
3868
5214
6537
11329
4808
10509
8971
1698
9137
9582
6224
7824
3194
9248
7588
6786
294
7726
3817
2563
4492
7466
5931
10927
2674
4415
3810
3585
5245
6569
9508
3656
814
8737
2169
1591
1962
5147
9872
444
11148
10766
10139
9999
684
10654
9841
10976
8523
10587
8156
7237
5326
9559
8718
2701
7633
8754
5017
938
4930
10973
1049
4849
3761
7181
4011
6103
2801
5920
5623
3565
6247
3514
11143
3082
11593
11640
8693
11106
1115
317
8310
2355
5881
4765
5117
7133
10503
10941
10019
9182
6216
2473
2572
9644
11823
6814
483
7879
11593
1282
1386
10519
6992
4467
1825
7876
5853
1589
11422
1440
8633
11007
3658
1909
1638
2125
10345
2909
2607
11342
1197
11697
6059
1950
4990
7812
9878
6174
1016
1560
661
1551
2390
7210
9512
9713
2199
6544
5452
7461
12186
3068
9867
7067
4479
6883
11800
9803
9196
4769
9241
9242
11245
8959
7862
5780
6788
8068
9742
9605
5457
10911
7488
9095
1091
7424
5876
14
11494
12274
12090
6479
719
4715
2463
11905
5784
11629
4381
2369
2794
8011
11486
12220
8361
8438
6371
7873
7312
11589
59
12163
2973
5080
394
282
2372
6087
11499
10519
2018
2693
1227
12035
7652
11904
2366
12041
7614
7918
10864
9557
10744
3904
8441
2444
749
8855
7568
6908
8401
1039
424
7842
10143
10119
5316
10844
10810
2563
4618
11886
2770
8229
1830
975
9079
7218
11254
878
2975
734
5826
11716
6066
9794
6356
4336
8656
3084
6495
4241
1580
11345
4402
11050
8146
1203
8292
1487
6325
6289
8000
7750
8755
4384
6993
2508
2234
6035
10321
6703
7827
9488
3625
5352
5093
3655
1451
9093
3567
6418
7886
5247
10472
5262
1920
1516
5473
5114
4194
3222
2452
855
4009
3163
9305
984
4201
11054
5620
10814
8865
6419
1138
3783
1107
5281
8785
1452
10321
6532
2973
1414
1193
2952
5233
5892
2590
10350
4803
2311
2762
5632
6382
2773
8374
2678
9325
8400
5382
1552
1468
6254
6672
11735
3706
1294
4250
10323
1868
4807
2369
2194
11882
11142
801
6982
4683
9730
90
1588
1937
6294
4455
2221
3581
920
8014
3677
1987
2335
4423
11818
202
2520
122
10013
2901
7782
6591
2885
12164
5683
641
3684
3821
4502
1248
5324
7332
4706
7857
11522
5972
1694
5501
2066
8218
892
5034
7426
32
504
1619
2747
11376
1102
6295
3274
1332
10337
