5661
10176
1264
2918
9084
4477
5684
44
11793
11601
1193
4485
7126
1776
9449
7213
9957
7701
10609
1484
10931
10076
9325
8593
3999
573
9773
9414
10608
9905
2888
1526
9436
4720
731
2006
2868
5161
2672
397
7204
11830
11634
4563
6470
10167
1181
6893
6872
732
6531
8187
5554
5387
1910
9838
2113
5768
3939
5918
7753
9834
5093
1550
11602
9957
5533
9102
4770
3806
6006
5383
2095
8082
2901
871
2894
5363
9007
8067
11451
2682
9092
9797
11321
8091
6969
9653
9252
8924
674
8424
7690
9081
951
3588
4497
1171
4587
2010
11425
3596
6280
7150
7328
1404
7647
7064
2040
10212
479
6231
2677
4303
1991
12123
11903
861
862
4921
7200
11156
3526
10640
5282
7279
4689
2693
4747
1565
4561
11793
1355
3289
4574
1247
1186
6358
4168
3370
2160
3245
2893
4434
2113
212
7085
6722
7615
7167
6735
8308
2503
6145
8346
11739
5607
11479
6677
5912
10558
25
1465
10303
11939
6228
247
7502
1240
9270
3492
2632
12255
10668
3896
8737
1833
7666
2911
8529
8643
3191
2060
11580
2965
8267
8245
7348
8273
3064
4527
4019
10006
2017
6158
6700
4615
6753
5282
806
10375
11790
4394
3448
6927
9274
4216
3668
8975
10234
12116
11181
10556
8627
10048
6269
10666
2778
1202
10502
3832
3069
5886
10214
7088
3538
1536
7077
8785
5663
9991
884
80
3363
12021
3564
1620
36
5299
2456
7119
1223
818
9603
2303
11404
1273
6116
1102
1925
11827
5953
9149
3186
9597
4650
2258
4582
8757
2433
5805
9147
132
4153
3895
9779
5863
4460
11432
7230
5522
5137
11058
40
12167
4302
1827
11349
10408
7529
7269
5404
7675
2357
12031
6490
443
793
237
7711
5094
9638
11753
4038
3514
6977
5679
11199
12038
7682
3000
5667
8796
3256
5177
5811
9612
6706
3591
10871
3848
3201
2034
4741
6927
3013
7550
7159
10412
8489
5762
6195
6623
254
6511
3163
8079
5811
2535
4370
8816
9395
9308
3734
8431
5179
8155
2496
8288
4929
3744
2631
149
6396
10853
7153
11088
3404
6869
7624
1242
9149
11058
5693
10406
2899
10766
4501
4358
2616
1770
4814
2417
399
1455
7183
8527
9967
9263
1099
7663
12282
11529
2970
6219
6182
1734
3814
9757
4421
5164
6722
10354
5954
1262
4199
6242
196
1441
7332
638
5033
9026
2273
985
12087
3456
6812
7056
9584
5493
2825
3619
1569
9
9750
10729
3249
2506
10535
498
8307
11101
11489
2920
5063
7338
3447
9115
3120
2189
1298
7364
1904
3299
2782
11672
7866
9771
1578
10168
6321
3468
5797
8541
3110
5946
2008
11109
8594
11587
6076
8052
9661
9807
1206
10826
4095
6132
2434
4985
9455
5123
1662
4317
550
3234
8858
6280
6059
10150
8463
8267
2531
8
2616
2013
3245
10555
10986
2236
3716
11702
11380
6467
11733
11886
2137
1058
2406
7775
2919
11531
2121
10249
10554
2329
1095
8250
6977
9637
6559
1881
2919
9973
9074
3064
4986
7129
2605
7756
2339
9158
2007
7280
8322
9294
423
9849
1112
2053
4951
3930
10948
5977
1226
1139
3001
2573
11318
9579
914
7463
3310
701
6336
11763
1800
3937
2503
12074
792
6775
3059
2161
1141
8818
8142
2193
8077
7813
4838
5179
6888
6419
3853
4397
3915
11672
2733
2919
1726
7909
8754
7827
4586
11186
1376
3474
5829
10200
10416
5304
2124
7054
3911
5188
1457
1775
11146
12248
11988
5127
3026
10662
6814
8237
10846
4158
11315
4533
2570
4536
992
11042
1459
3198
1908
7436
11969
3407
4301
6753
6132
443
3927
5800
9584
9631
10918
9352
10813
12242
2025
3108
7724
2045
9013
126
11988
4157
7159
4563
7594
2907
11254
5885
4595
10666
8611
3568
1857
12045
3684
6578
8854
1189
273
3945
429
695
5094
91
11039
968
4456
5027
1726
5385
1501
3177
3568
7669
12004
9720
77
8665
8351
8666
2581
4976
834
7630
4949
5090
9206
6548
9888
6207
7488
372
268
5829
11662
11402
8439
457
10144
1240
5819
1528
4940
11688
11901
4240
1989
11048
1883
3699
647
10276
11911
5074
6718
4661
8919
7075
4847
11747
2907
1553
4797
9698
3299
1249
8072
4795
3116
4386
7167
4155
7748
2076
9709
4158
4431
432
5250
9607
1780
4194
6356
8248
8182
9812
9223
4275
3962
9179
6097
1118
9507
9146
7059
400
2502
6191
16
70
5985
7309
825
1021
1878
2822
6710
9320
4614
11279
10767
9084
4246
607
3771
1339
3358
2203
4213
4839
3909
7513
11861
1954
3043
8578
2641
5512
1510
3972
6376
3166
11889
1619
302
3754
5453
11377
2373
3066
12017
10878
4844
1927
2299
7076
2922
9652
1971
1890
11750
6629
4843
2346
6928
543
2452
5593
7191
2984
8218
11201
9067
739
266
3793
3980
11242
3614
399
6990
6423
64
7088
1216
5022
23
1945
11589
1960
9497
11108
7885
6965
5429
2569
6030
6325
10525
6813
1532
6129
5306
5383
6962
2176
1803
2832
8197
3568
5327
11918
6926
1328
12068
8398
168
4695
8436
11497
9178
7008
10180
7339
11982
787
8601
9445
3147
5505
427
6333
11733
629
3310
8218
7654
7238
10543
6367
10255
6976
6179
2210
5474
1650
6403
7696
87
8285
3598
7129
11125
9560
501
8254
2084
7451
2166
10289
7215
7255
10509
11268
10511
9400
3011
7429
3297
8904
7365
6442
3201
5988
9962
9459
202
8769
10211
2073
10856
2189
766
2153
4949
11903
8766
1602
2048
11957
6017
782
4809
6634
3864
5361
3832
4983
7354
4632
5543
5384
9854
8601
2109
7838
7384
11229
11225
8927
3814
6524
4245
11761
4159
10374
8550
5004
5531
5579
6406
4337
4702
9968
7171
2446
9493
4683
4702
4511
7553
590
10342
9550
1628
3379
7074
12189
6695
7344
11602
1301
1405
9515
5161
3560
39
3518
7845
1499
9459
6248
9454
72
3500
3897
10029
2888
3700
7024
2375
10846
2195
2643
7375
11912
9747
8066
11478
10012
6211
11200
7994
1746
10008
7114
8308
1370
621
832
1129
4318
5068
12175
4574
7885
11610
7196
11283
2926
4261
8469
8583
8724
3378
7790
497
6370
6453
4280
310
1365
5208
5465
665
11152
11223
465
11217
224
11818
10147
8053
3112
5839
12194
6049
8411
10224
9578
8073
2238
1070
7834
11323
4624
9034
11382
908
11654
6300
1201
440
7570
2599
11232
1882
3829
366
1
9297
323
3490
4813
3730
10913
7335
5249
730
6608
7343
5749
8243
7361
9499
7592
7985
494
11133
2464
9240
9736
2109
9402
2107
1007
9375
9977
4983
5728
8155
10130
9973
2060
1485
9931
8000
4879
7259
11412
2144
9231
11299
7180
10433
2021
12207
4964
9709
678
3491
10280
381
3843
8552
1399
1677
11670
873
8384
11275
3420
11159
8074
4226
9567
12133
9618
6974
8109
361
3949
9385
5086
4728
11243
12224
51
7709
4560
7661
191
3650
4135
6932
8820
1454
1679
7798
8531
11731
2226
7579
4863
9209
2418
8599
9273
3372
8805
7827
4983
348
2870
7731
10682
2686
1137
4453
2178
486
5265
7490
4729
12008
4561
511
4416
8631
1107
9027
5426
1772
12023
10148
7259
8595
7985
8362
10712
9090
6664
5854
1753
10320
6555
5489
2347
6703
7223
180
5243
3406
11375
4290
591
5884
11122
10822
10154
10555
7794
3336
1481
6232
7733
6432
2230
9353
11945
7936
4107
9157
3894
1632
4393
7217
7434
5459
7528
666
8042
3542
10385
12092
10438
2989
982
5662
11156
8110
2944
5683
459
10231
11459
11072
1543
10164
6682
2048
6046
4870
873
2967
7508
10577
3684
3319
8252
1395
1599
4030
16
2696
1779
11179
2786
4708
2669
10094
1751
10175
6275
3962
9891
2526
559
5317
12267
6471
7346
4483
4417
4039
1871
3325
5034
5959
4979
7985
2590
1264
7768
6403
6822
2363
6275
4368
10493
1868
10978
6075
1962
7740
4279
11223
5539
12019
6830
7921
10067
11163
1229
4978
6509
4831
9496
5554
5152
111
11921
7315
6745
7752
11973
6523
5954
5852
11397
9694
1088
9401
4361
483
3428
11062
2050
10122
8468
2497
11207
11732
9145
5622
3932
11219
1348
1410
6716
9020
3268
8305
62
8133
7944
7704
5854
9720
1281
7939
10885
2135
6708
10897
8115
7678
11670
2307
8486
8770
9850
12173
9523
72
5060
3196
4555
1860
10229
11555
5527
781
6881
12243
5718
828
10918
9348
757
4632
4819
5192
10679
10700
8772
2699
10901
1868
4230
11016
538
4656
7782
10057
7237
6191
6253
6196
10252
9729
4130
11557
6866
2614
5236
2180
10870
1777
729
9790
6065
3138
8083
1943
8220
1039
8726
6432
9887
5452
4089
9978
1193
9802
2138
3255
11715
7516
9427
7543
3516
7020
3471
2772
8025
11476
10666
2494
8767
1509
2776
177
3783
8681
3081
6687
7662
9706
10335
1125
10789
83
5271
11467
993
2602
10334
5781
369
8728
5445
10510
7769
5141
10566
3155
496
9816
9316
3405
6202
9001
4181
6694
11929
2788
1278
9794
3822
932
8757
3680
7697
175
6704
5960
7661
5608
8163
5653
642
5709
4395
3131
6705
1314
657
2800
369
7992
4819
1271
8225
5591
1323
8112
7195
5740
6012
3407
10235
11233
6484
11001
12255
1034
3628
10714
527
11998
2797
6508
11038
1640
10058
7438
9956
4977
2722
2939
1860
4197
8525
11736
2154
227
12179
2784
10736
8919
1941
356
3005
4960
4705
5972
6178
4687
6540
9547
3011
8537
10715
5672
10730
3499
10977
77
8749
10980
6936
5847
2184
8526
4660
692
12055
2074
7842
3726
831
2448
8097
7363
4345
4221
9212
2905
9809
3216
12283
6050
6609
253
10156
7474
2660
10139
8967
366
