11648
6748
159
1343
1540
2548
10066
8133
9751
1822
1119
5979
12169
7795
7828
11338
10702
10759
4871
5136
229
4675
1295
10206
2698
2755
482
8637
11519
106
653
5598
8549
4500
9802
8138
873
1431
18
12064
2445
6843
1031
4711
227
2439
10688
6169
6012
1387
7922
7870
10175
8645
9155
7052
2141
8987
1976
10901
1440
2976
553
8899
4550
9396
2473
7518
831
9665
8242
2900
299
6382
186
7886
9190
9972
10035
9993
8611
10544
1574
7797
7416
7425
2985
6080
2703
5403
1870
11041
620
11861
12128
2382
3234
6179
4635
5664
388
9671
4510
3877
6130
3331
6381
11478
8974
7728
6233
353
8328
2608
6757
11730
1010
7888
11363
5430
11515
12223
880
7635
7259
8795
581
162
11852
9984
4585
4393
1675
597
2010
1168
1726
10057
5914
6565
5024
7845
4043
1675
10864
1523
1771
5279
6593
6997
975
845
2227
88
6975
1221
2679
1813
5827
3654
6965
5505
10308
12057
6930
8699
9312
1045
5028
9340
1888
2776
4501
3333
4681
5342
2013
1984
4645
1305
1932
1636
2326
3621
7200
72
3148
3933
5749
4037
11274
125
1190
4727
2802
6174
10533
7956
2860
10240
5065
6825
8500
549
2590
4562
5984
4419
11342
4037
592
5255
9808
9698
9785
4875
3563
7925
2628
9159
749
12018
2831
11972
10794
4898
9634
11634
6541
1368
9204
11163
4550
3617
5155
3596
11421
11958
10708
7582
1621
3213
10425
5279
12256
707
6755
5256
199
2439
7442
9495
9339
5097
8505
9687
10397
8048
4656
8925
6293
3401
3294
7962
2417
8781
11788
3900
8985
3437
971
3533
1958
9168
11907
5649
8788
5480
5127
3617
681
2157
502
10348
5992
642
10129
11323
6972
6039
11115
8776
631
10803
8738
8201
605
5811
8289
4500
1405
3495
11422
7469
3058
11207
9980
7207
8175
12046
7573
764
990
9465
3870
2501
12070
4061
4233
3672
5597
3834
2479
9807
7555
9498
3776
5653
11497
11494
8401
2184
6077
10806
9778
800
11810
7527
2319
9565
4821
11877
11249
1587
3436
1132
1836
2397
10264
10886
289
6488
1
12077
1430
10373
7250
7233
11654
3000
11830
7912
2951
6763
9517
11525
6062
5029
4905
1814
4583
2531
1896
10504
11826
9665
3795
8137
2081
2546
4241
3518
7077
7727
7166
11556
11445
5046
2535
4477
2833
6526
9698
12131
522
6502
7007
2543
4951
7372
725
9819
1749
998
5436
8363
6569
5530
7641
5090
4699
7583
636
5894
918
12187
4145
11983
3555
128
2846
12218
4309
1878
4312
11101
8348
10834
3967
4520
9864
7577
8342
164
2051
6162
4509
9298
11568
10650
8528
12282
4008
10141
2333
7051
2675
5316
6494
4125
7184
10255
1038
12139
8974
3692
3285
1134
7896
9070
3406
10023
2813
4485
11824
9081
1837
1120
10092
3247
10528
9459
10663
10966
11353
11968
3082
9814
5980
8365
2924
10578
3607
6637
9338
1723
3992
8608
4350
1970
2551
5698
2422
7603
1198
4001
4565
1208
3806
5881
7692
5036
8681
5072
11057
7694
11449
3308
3082
12086
4282
12040
7020
7774
5677
7241
6443
5479
136
7582
2502
8559
3973
7307
8609
11754
6690
2420
813
4255
4760
9640
10155
8193
10035
3798
8891
5665
9188
313
6973
1079
2029
1533
1968
9565
3069
704
1363
5028
2758
8397
6436
10786
3439
10555
1280
1251
7734
3313
8003
4643
1419
4019
3127
8907
3629
7913
8095
2137
2524
3264
2965
1029
9250
8511
88
11433
401
195
3539
10900
8415
4407
6236
4216
6737
3586
1937
2554
4601
1552
3025
1043
467
12231
1013
7929
1138
1106
4926
5925
6587
1317
2994
1874
5297
8845
10374
432
2965
1897
8377
1105
3563
4404
5032
742
1921
7652
7043
10908
6058
11024
8798
6533
3339
8532
1656
9456
2553
1108
3274
10729
9726
7571
3257
954
3337
7081
1331
9153
8752
9928
2108
3214
8797
10317
2909
6226
4612
8807
10942
11574
8809
1827
1226
11663
2115
4005
9376
5961
10762
12200
5869
8407
5317
1580
9954
9396
10685
2351
11203
3277
10718
10496
6634
1379
12242
5911
5208
1597
5629
1976
9915
1615
7052
5267
10728
4417
9509
10870
5419
4343
11009
10757
6251
5174
2012
323
9985
8581
3570
9099
819
18
5986
668
2263
3368
9077
2400
9401
10444
8211
11459
1510
10179
11960
11363
12009
8615
7041
5606
6728
6148
4731
2944
5907
5215
8642
8057
3619
7606
1587
296
2359
11787
7179
6385
947
11647
5164
1531
10546
8045
2616
4889
6477
5502
12202
5103
6570
10264
6217
8682
10866
2764
6586
9569
8053
5347
4519
6523
8633
7811
5845
1206
7910
9844
957
10163
3894
7408
8694
2861
10433
9384
2340
9463
8247
9528
11023
9264
11518
5371
4733
3754
1616
2892
9598
9944
3099
8528
11060
6659
8983
5962
4314
4237
3788
4062
4072
10386
7350
1285
4373
6736
8487
768
5061
2506
7021
10136
8761
835
11817
4936
7448
1680
5388
554
455
3241
11
10040
2148
3153
8209
4944
4645
705
11433
2273
6131
4811
9498
8283
5370
6416
1042
7711
7950
6394
8878
6484
11963
3205
1652
3906
1232
10467
8606
3549
4294
8662
3821
1920
6875
8679
10778
5939
2057
4258
2488
1552
2445
6
3338
2798
8126
9197
1866
10170
1552
3735
3766
9349
11660
4795
6396
11345
2753
7287
10206
11941
11386
1350
5942
3799
1176
138
8002
11230
6620
3287
10046
10895
780
6895
6474
5041
5962
11330
3639
2284
6874
5241
9825
1350
2030
9390
11080
3011
6804
4602
9091
9426
5587
6196
1224
8436
461
11224
12118
3760
5923
172
4063
6010
25
3524
2723
11379
211
4896
2969
11609
5243
10928
4648
4542
4708
6749
8190
10564
3244
6155
1684
8223
2885
10575
9646
6218
3184
8385
6229
1077
5039
10494
5168
10109
5801
8543
4647
2409
1690
8037
11380
6762
6687
312
7225
3992
5286
305
700
1430
9940
772
9759
9192
11767
1977
2173
9680
4313
3057
9140
286
8360
3433
9552
11337
12072
2409
11534
11819
3301
9984
9110
8782
6707
9521
10579
5892
6705
1081
311
6291
5943
11583
5010
7884
6359
10232
4200
10186
5428
5058
1109
5371
3857
5024
6389
8300
3542
8384
7599
10572
7077
367
5327
11306
1382
5477
5511
4811
3397
7036
7833
3643
10557
12095
2979
12026
7303
8095
7763
11548
7613
8072
5348
12074
10623
5009
9833
11327
7813
2173
2281
12260
11852
4081
3807
6324
5586
9863
5987
8636
4747
8432
419
3795
11495
8219
8100
5694
5472
10668
4690
12055
9800
997
11890
3223
5555
8149
2616
11367
2903
9350
10344
8049
6728
6118
7868
4588
7330
778
3209
637
7875
10589
801
11536
4977
7245
10164
11871
4612
10447
4909
7075
10935
1908
2251
1237
3774
1042
1846
7698
6592
5988
7800
1798
6797
10752
6206
244
1149
7411
2439
8429
10102
3619
3315
6064
7314
2041
7025
7736
4607
612
8815
12005
1576
1807
3599
9846
11883
11806
7124
2002
9374
7891
4766
88
11929
4349
7999
10909
6448
1645
4595
3410
2850
11440
9569
3557
9121
11108
713
1040
9516
7251
5355
621
10320
4697
1776
11179
3165
3684
1041
2870
3252
10909
11543
10635
209
3516
3526
6911
3299
9051
3928
11980
468
11392
5800
4022
6538
10475
11151
11675
11291
491
7648
9192
11877
10587
1101
1366
9199
1824
6781
1579
8386
640
3204
11245
2837
2098
5391
5236
9788
1756
4913
7780
10950
11206
2055
7213
3316
7809
7033
7505
11612
11826
4150
7706
10659
19
3535
4527
6927
10766
10926
11856
2956
11052
11000
9463
8622
5842
2858
11368
4469
3662
4314
2248
5645
8953
3315
9904
3537
8515
2782
7911
3849
5322
1463
10653
9397
3607
11757
7059
928
2927
10793
5344
9458
5703
1761
2000
3716
8033
11842
10136
8632
5485
11001
9702
6518
7151
4181
8078
986
11484
5456
8804
2227
7241
3422
6177
2390
11453
12264
11430
4694
10860
9795
10758
7755
5597
5839
8818
7623
5248
5802
7727
2258
3227
7837
3427
4422
4667
510
2034
5751
6295
7165
306
11918
9395
1603
11755
7734
4106
6994
9743
7045
1940
889
4928
6920
11385
8483
1908
10619
5566
5917
2082
8263
6831
4172
8985
2665
1476
11880
1620
6997
353
5680
10167
10378
11668
10639
7084
359
10733
4738
2076
823
8854
10794
5738
1627
7989
11097
6612
3616
6890
11466
10810
2819
4522
2377
10654
258
9766
5450
9799
9097
3536
10925
8078
8442
3970
3024
6649
1293
2622
1570
9619
7929
3943
1057
2184
8694
4677
8819
1116
826
12159
4522
3473
11164
3339
11183
6060
1779
11542
220
4603
1687
592
5013
4114
170
9162
11972
5751
3167
5992
10172
2335
4347
7615
1039
5604
7951
2293
7206
7356
2409
8860
1993
2457
2565
5232
1106
6290
1091
5771
3655
4774
5866
1535
10811
3653
10311
3412
11319
8171
10396
7015
3731
11675
6159
4421
1663
477
4532
9056
6771
1968
11833
9973
4041
8949
7368
10918
11145
7979
492
1807
891
7826
2429
11026
7084
2682
8285
826
8256
10759
1359
5970
12107
3196
5825
9480
2758
11438
11669
9900
8111
5512
1375
6207
5530
10678
1666
97
10056
2685
65
391
10919
72
764
1440
4274
5760
8612
2734
3836
871
10194
5797
6362
5127
9414
7106
6666
9221
6590
9726
1234
8876
2242
7668
7192
1413
7452
9212
532
11612
11878
2154
10025
10279
7802
11301
4556
114
8959
8992
10266
11479
7106
4615
4967
8250
10691
639
9648
3667
8485
9322
5524
10182
1052
1815
8908
6079
7093
10646
2175
2066
11899
6692
3513
9993
1220
5490
11945
10412
3447
9592
2471
6948
5273
7460
11079
2303
9309
6097
