6994
4166
7222
3
10256
5295
4285
10075
11380
7437
9327
9825
5587
7651
6637
333
8880
7887
3428
5114
10870
6508
11924
6821
4282
9749
4587
4827
5653
7007
1290
10596
3226
9241
6401
6284
274
9917
1616
7735
10004
762
4483
7267
4171
11398
4707
1954
4636
11518
9242
10213
541
3151
6762
4788
10441
6272
10092
8624
11287
4914
11997
5458
8384
4397
265
10479
9231
9159
2907
7319
5323
1939
1023
3980
8488
6202
7807
2327
8716
4626
6573
5552
1279
4296
975
6871
2007
259
6530
9563
5110
7266
2780
10075
856
6523
3706
4267
9309
1864
9534
3049
3670
2050
7982
5590
8851
9546
403
9038
9264
7615
3377
54
5391
5552
625
1406
1527
2785
4785
2716
7618
2535
3504
7835
3657
10966
10818
7480
6731
2740
10046
7662
2055
101
11516
11053
485
2244
11938
3347
11088
11820
6848
8332
1505
1724
1692
6230
9633
8403
4424
7506
5728
2430
7483
11898
6748
5375
2823
8291
7189
11670
11419
7675
3059
5685
8980
3746
9089
8955
11300
11999
10135
12180
10517
8968
1883
6046
8891
6297
213
9436
3744
7845
12006
9836
1239
8900
1249
5023
3972
9503
10893
10036
10537
9358
432
11560
5859
5844
2367
3416
1508
7814
7579
2494
5075
10324
8466
8854
1891
9083
5039
7227
7034
1811
2380
9032
9751
11436
10098
262
1932
710
1621
6370
2668
12002
2341
6819
4869
10466
11722
6915
1458
5303
10778
11196
4769
381
11287
16
6621
7949
8447
127
3837
1205
9518
5915
11339
7086
1433
9588
9392
804
391
10577
10661
11015
2681
9335
4212
1468
5955
10611
4269
3791
6826
3996
5098
12036
12245
6074
3513
5229
4209
9531
3103
10359
8548
3113
252
4680
9747
14
901
9726
9308
9726
6929
6115
3795
5466
4479
3760
227
6755
572
1343
2147
8564
2103
3948
1149
7376
539
3060
5076
12282
5188
2329
3787
1447
10082
1431
11812
10512
914
791
7472
2026
10974
638
4426
4739
1468
11571
9370
3964
5148
7692
3129
10366
3878
2773
442
3277
10783
9118
2794
11014
6913
6421
677
5661
7881
1632
1666
4811
3217
8694
3566
8868
5351
4838
7941
10044
6339
6944
2658
10391
7404
2755
8696
10641
1624
6003
6071
3397
5210
58
2715
1089
9242
7342
747
1416
825
5217
1218
5301
11925
10653
8275
883
11450
2539
8810
7058
8303
8548
3510
3914
12197
4305
5793
2335
1440
5572
1302
4584
9346
2647
7421
8949
2595
7671
279
9456
731
10651
8077
6401
5222
4419
1646
5564
1234
1371
4430
5953
11977
11432
9538
11224
5848
10102
3577
2453
116
3369
11128
2752
9090
11083
2723
10475
2857
2642
5830
3002
3415
1513
328
4359
6454
2488
7092
9656
12114
7460
7603
9617
697
3746
319
10045
1053
2970
5998
5384
6769
4588
11458
11143
1919
4684
10836
7648
2
11696
9942
6827
409
2301
7598
3092
11653
12181
10754
3077
4137
8794
1520
9226
5526
1446
11264
11121
6598
2374
2691
4999
1791
498
10352
1659
6753
11063
500
5857
9488
11110
3323
10006
4215
10253
8471
3603
358
4964
7087
7065
1963
4313
4130
10569
4744
1283
7617
3881
11580
614
4811
6340
7553
1214
10453
8645
673
6566
3663
180
7303
5989
29
9803
10959
4660
8347
10296
5482
1854
6181
8880
4641
11166
7139
7727
3203
12103
2855
9309
8375
8253
5532
4597
1018
3240
5336
6182
3909
652
3404
2221
5185
232
4070
2738
3680
6452
4120
11510
1220
1813
8017
2519
8135
9120
3844
9210
9359
4814
3785
9184
6894
5076
11861
107
7421
4577
4166
241
2434
7390
3841
1334
1740
3165
10453
8902
5486
2249
8796
8812
6019
4797
5174
3662
1334
2216
6965
286
988
6755
5999
5388
705
465
8664
1004
4524
1211
10434
10209
865
2192
6776
3925
8663
9998
10074
8313
1394
7296
3895
2897
10728
5383
9516
1806
11778
4717
241
11362
4983
4099
4119
1681
10385
10392
384
2709
7827
3576
7423
1614
2883
11494
12229
2503
2103
926
2320
3854
5320
9324
5255
6563
2067
8664
7117
10880
4120
3140
12226
5004
4475
10400
2066
11171
3998
697
8043
8958
4475
4804
8715
7187
7275
2576
6103
7330
1031
3917
6008
10791
2921
12098
4363
9080
4422
11149
5937
6318
5298
632
2387
4572
11440
1673
5977
9721
12218
10101
5799
10591
10423
9116
8447
2065
1862
3861
5523
7462
6527
9030
2204
9522
1807
12250
4408
7037
7247
1863
4639
11955
11671
4916
1133
3470
2455
11116
12058
3159
3938
1200
6630
1222
11540
10993
7081
4278
10348
162
3452
1240
12158
5856
11332
4496
1746
1072
9341
7464
6299
9277
8250
7910
4590
12095
6871
5280
4646
8556
557
5002
64
2223
3497
125
10114
4750
1284
10261
10992
8180
7192
3730
2796
2429
10119
6120
8056
9489
871
401
8572
6822
6049
8590
3487
3609
2290
7425
11620
7886
2338
4308
6659
6028
5082
8521
3605
8054
9205
11823
11095
3757
8967
4319
336
5600
7052
3293
6426
11682
11041
6715
7196
6197
6951
6890
8764
8836
11406
7219
9670
7587
866
8363
2354
490
8062
9524
11666
9019
11254
4980
8444
11801
1429
6578
3256
4323
1631
9143
9991
2149
7049
6305
10061
3876
9809
5145
288
11747
9358
645
4592
1113
9355
1168
10697
7626
12074
9476
1675
3934
18
2198
10302
5311
9570
2437
3489
11835
1059
583
9227
1292
4554
8536
6868
4478
8646
9257
10294
1701
10051
7562
6873
10889
1652
2090
1389
996
10710
2089
2542
11969
10214
732
3131
6746
4308
9371
3726
3206
10062
11990
11307
6425
9031
10064
7014
4515
10242
2382
11809
8656
11943
11787
4415
7964
5143
1533
1567
4557
9798
11784
10705
3470
1196
6919
7317
2424
3997
365
11114
2954
3572
290
9730
2636
11111
4155
1989
9436
4606
6465
5290
6725
6111
5052
9259
11715
1698
1162
10161
5200
686
6966
11672
6630
383
7878
2262
10148
2018
4548
8395
595
5530
1701
7278
8913
5907
7846
4659
7270
2860
4736
9548
9166
1596
9635
4602
1028
4796
10247
11639
4151
11004
9690
5373
2345
1356
7641
6099
729
2967
1497
7171
7078
3931
8673
5765
5227
11663
1233
2019
4196
8732
11486
2768
10236
9907
7582
1764
6368
10272
7766
5645
6473
11214
11901
901
11099
11243
705
8052
9893
4207
11916
216
4403
8116
9813
6616
5887
6302
7700
4850
4647
6289
7244
1742
2307
1858
7442
2621
1462
7735
11251
1136
9062
9795
3334
8917
9700
8040
5293
5684
11425
4083
626
7428
1412
24
7617
1313
11405
7062
7994
342
8410
3688
8325
606
4262
10398
9931
1313
3584
12087
6609
9338
9516
9033
5758
5199
6978
6185
11737
7597
3391
1068
2079
3375
8965
2931
6944
7154
1381
11720
1625
2063
7790
9423
41
11684
6688
5505
2249
8988
8889
174
2579
6001
10161
2573
10689
10292
11528
7349
1580
10534
7318
10978
8248
9185
9824
7468
5928
4553
9691
2756
6354
3351
9315
3523
4056
5661
11171
11242
4812
8945
11066
1896
5621
3579
2674
5725
9040
4481
1026
10138
5405
7239
4225
9211
1148
6294
926
1399
7380
5723
8836
8143
3848
9163
1478
7537
5631
4341
131
11036
8447
757
5584
6031
9319
11764
2044
11589
1530
8028
4907
10497
7804
9713
11427
5060
9772
5822
3205
8384
9778
6718
70
3304
3017
11824
10775
6882
10379
6864
8038
960
11079
10808
12081
5159
358
419
5565
8891
2197
11734
11627
3266
10348
7598
7504
11106
5351
7669
8277
150
11946
2414
3816
11304
8195
2652
8679
581
9341
2221
196
3996
3310
3718
8042
3055
2936
640
2019
1123
8929
9897
11363
5394
4196
1729
111
6938
5666
5538
7219
3880
11409
310
3419
5252
2386
6983
7542
7527
7241
359
9573
4503
742
2905
2035
7636
10755
10919
8444
1381
1577
11206
4635
5900
235
11993
513
6607
6863
1094
1099
1905
2950
2768
7834
386
3866
7216
1808
8828
11289
8475
91
5149
7564
11149
10662
10321
5994
817
4436
742
2094
953
5393
3851
1876
5722
2659
9553
7353
1323
5595
6239
2266
1775
9029
5444
5201
9003
5322
6047
9589
2854
6290
10159
2027
11192
3109
4572
9394
10925
11735
9355
145
2531
5862
3086
8408
1619
3504
7583
2044
5679
1133
3123
6290
10935
11073
1
8196
4516
2896
4521
11357
3915
5074
5481
3199
2524
2933
11321
161
4849
1244
5171
8920
5831
4349
194
2247
3393
1821
9201
9876
9561
10362
5018
11420
9839
10231
7649
7472
6801
3749
6075
10691
11543
10255
3180
7889
8953
1276
1753
1363
2215
6882
9855
1161
6540
7092
615
12063
1628
11230
2764
9394
10771
8039
9204
7873
7689
8697
6512
3733
9749
348
5713
8078
5448
2651
2447
12001
2842
1046
11867
2333
6626
5897
6581
7193
8084
4088
1812
11164
5099
7794
9836
11210
11201
1970
4733
6357
5313
7046
6125
2671
11111
10042
2345
10346
11508
11320
10659
3486
10250
1974
11000
4255
3350
8497
7233
5682
8770
7855
12025
10238
11067
8312
5092
7880
1116
9291
5339
11187
1282
11183
7779
360
10816
8173
7725
10601
11825
9747
6162
6550
9010
7546
8742
1712
1633
11914
3818
4079
9315
6088
5747
9579
3060
5506
7472
10731
11425
3719
10463
2728
6928
6760
3613
2851
10766
3873
2164
2129
4406
3660
10883
9250
5027
5409
1809
3068
3820
3051
7986
12107
1876
8425
3691
1862
1763
4634
834
9904
8926
8396
4900
5998
4350
4838
4056
4101
601
10682
2539
674
4160
680
404
1331
1393
9741
11422
11097
1783
1652
9936
9027
4152
9063
7497
4985
2810
4944
4404
5566
3674
9475
491
3341
345
6278
