3662
10552
2446
12273
2650
8627
5821
11808
4848
9492
11701
9045
11166
158
5566
10513
1796
7092
2199
5496
7568
6254
6043
8681
5837
5354
114
11123
10814
7689
5409
4933
11469
3967
10921
11545
2635
4458
11863
11999
3994
8225
4765
2206
6429
4752
11763
5964
3949
4112
8058
11072
1211
11869
803
11331
9856
11609
7621
11354
5344
10659
9750
11854
345
9320
2683
5557
12213
308
9074
6025
285
6044
6833
11544
7983
7886
11615
8071
6767
12195
1811
3160
9564
1666
7089
4318
1585
2715
10233
6346
1421
10404
5655
11808
11820
6174
8909
5917
11797
6444
10597
124
9101
5452
2489
11150
6047
10533
1947
9146
12037
350
2471
12001
8115
3160
763
694
4145
1532
11347
1900
334
11058
5890
3273
5074
7056
3749
1070
9161
1772
3770
8292
1329
7654
8219
6592
5606
321
1872
2631
2309
10694
8537
8815
166
11287
3265
11833
10069
4340
9176
9124
10414
11618
1054
10278
4974
4104
9522
841
2622
11494
4640
30
4167
6547
5359
503
8874
1396
9371
5643
11488
8774
1258
5423
10439
8718
9930
3283
11153
2927
4610
7316
9702
4890
5681
9882
9724
1885
3394
6666
3349
12016
9344
3343
9985
3888
5619
5699
11954
2263
150
3385
542
3084
5704
10480
4004
6031
6300
8906
5896
10612
7545
10823
3692
9178
1247
453
7589
2699
1985
4406
7740
6990
2156
5627
3900
499
10899
1530
3024
12276
4513
4488
12155
1733
7336
10257
5344
4011
1555
2665
9
3419
4114
1766
6586
1224
9163
11364
550
10309
7258
8001
2011
938
490
10891
6183
7562
2114
8556
5107
4853
1810
263
4558
3266
1485
9542
4331
376
5842
8979
2130
10613
12125
6197
7663
3879
10945
11907
9461
8118
11580
9573
7706
9573
8105
8350
4338
7715
690
8621
6982
9033
5142
1030
9031
11674
1073
3522
6161
5721
5318
8258
9795
8230
1005
3964
8477
8668
3578
4657
2544
5381
3318
3974
5209
5580
2917
4790
5069
7496
8556
12022
3279
7533
9411
8132
7890
10256
12088
1596
1739
11197
8032
4623
1484
6800
4094
6718
4582
6675
7124
3585
7500
7112
11517
2788
1463
1860
4232
6968
6804
7877
3059
8025
10402
1930
9668
1692
10970
4693
7724
4851
392
10557
4984
3787
10098
6481
8058
1806
8305
4737
7889
9043
5793
8595
10134
4629
9119
11676
8571
2844
10362
7417
777
7663
5858
11896
4587
1618
5971
3932
4609
11246
5345
130
3407
2268
5481
1428
10738
8244
10801
11013
4294
8736
10175
10921
4920
1010
11703
3096
9804
4977
9144
9214
1664
8667
2383
5680
9774
11664
9597
7399
7574
6610
6192
1708
676
6432
5959
1482
1148
6391
9870
4471
10461
8316
2347
1330
6542
3116
11332
5850
9126
5273
414
6058
379
503
2395
11968
6673
8738
8974
4056
4862
4205
4432
6112
10247
3693
3653
174
8182
7259
8421
8649
1915
17
4537
3991
3392
576
12283
4071
2514
6351
86
4047
7395
4577
9563
2133
5774
3724
10226
2013
2737
9633
2138
3441
851
10635
5526
9726
6746
6288
2759
12176
2098
2666
12170
5362
2187
6296
3166
11476
5916
9768
10744
5077
3373
1350
8532
12072
11974
4918
7112
7150
4777
1718
9792
11242
507
10041
5042
11329
2014
9022
8038
5066
2997
3821
8735
6533
11726
2401
7998
1796
12115
1893
6985
3849
3399
992
5255
11797
393
5140
7363
4157
10956
7298
4312
12089
3730
619
2327
4540
1021
2859
11064
5879
855
10649
6701
8251
1686
6716
10495
7047
1673
516
8173
36
7434
7096
295
4271
99
9795
6379
7622
5481
8360
10552
2811
3404
1550
8189
1078
3009
7698
9792
5775
3512
8487
2244
6255
8862
11283
5176
951
1078
8663
7913
2571
11116
9033
776
8131
8529
9809
2948
2838
450
1734
5797
6997
11772
8791
8921
7741
11146
4026
7717
4820
758
10244
7901
5031
4229
12254
10693
2657
10918
3517
2811
4944
10291
6813
2610
7420
1962
6021
10241
10130
7412
5506
1374
3681
9202
4240
320
3036
1073
3254
4012
12216
301
11717
4744
10057
1265
2948
3006
11611
6701
3735
336
10179
8904
1882
9463
10059
11448
379
6260
1380
8904
3053
2676
6729
10356
6743
8414
1870
2694
11880
728
3893
4903
5115
5405
8922
994
6080
5203
3171
8611
4822
7751
194
4528
11559
9086
1407
4475
7573
5939
9056
9952
8730
9
5372
10551
3986
7411
1166
10249
996
8727
10661
6748
208
5165
7529
6409
2353
3933
9974
3296
6552
2150
1975
3292
6256
1232
7730
11768
5889
1507
9868
8091
6912
3198
1762
10352
11425
2071
9772
4795
5635
5104
8792
2977
10668
7530
9348
11465
3775
5156
2873
98
5131
4318
8707
7992
3524
5222
1997
3755
433
1831
7526
11600
3341
5441
10816
2821
1433
2606
8781
9666
7527
7477
4227
10287
10837
11740
6054
7535
483
8702
7439
10077
5330
4172
9556
3568
3001
3916
1602
9545
8814
9763
7807
1255
2105
4159
10678
6368
8637
1332
9736
10497
2904
7449
2919
2595
11430
6656
5150
6681
12009
12084
8313
6511
6127
613
2462
1679
8692
3574
457
7927
1483
10255
6554
7419
5151
5520
10307
25
6699
8764
9977
11309
1522
11783
8586
12256
4924
7465
11433
3690
3906
5034
9427
10753
6987
3343
8849
8280
6353
3359
10156
298
8484
5243
6810
7452
7693
12193
8759
6501
349
10405
3388
5970
10614
6641
987
8138
1302
290
7727
4334
8888
3044
7978
10640
3217
11936
4729
211
11563
11671
9335
4881
6977
4325
5244
2828
5803
2874
8385
3783
9081
1602
7370
4706
3383
7781
5691
1141
10793
5087
3674
11748
498
6821
11874
2560
7087
10038
10870
9224
2585
1245
4113
8028
274
9189
10886
8448
1975
1814
4062
10132
11650
7357
6246
10363
4727
1431
6646
1359
6423
10379
2418
1681
2927
4109
2387
461
9193
4275
9923
3871
11254
3233
10188
7253
941
4534
12004
7387
1507
6150
7140
225
3226
9719
322
8479
923
11470
3217
10340
1620
5363
11407
12019
2190
1132
7512
6426
4367
3777
5962
34
2710
7192
2698
7563
10632
2757
9765
8211
7975
5057
8404
4339
8401
8754
4305
2718
3214
7709
2900
2024
797
7435
5713
1521
10392
10778
8379
5719
6853
415
526
2881
11097
6661
3641
2664
10537
1637
10262
11580
10443
9675
8529
6212
4586
6237
10182
11137
9288
9967
9109
5678
9566
11449
3993
6904
12083
7422
6425
11191
12274
6476
5369
6503
8588
11999
5536
2134
9018
9205
10893
5695
1519
6276
445
2456
4608
2802
4854
9540
662
12161
8532
1190
8811
11492
2425
10465
8399
9005
4756
9057
10040
5989
287
1190
1367
9270
1619
7546
10693
980
10254
9139
11940
12073
2944
446
10589
6593
1201
6578
5439
8946
8025
6905
9020
7131
11815
9479
3513
11189
7974
7323
5294
7507
8487
1220
1748
11361
6727
8958
7253
6759
4437
2458
8155
5865
12055
9360
1934
6992
9263
8362
4954
1134
5251
8488
1567
5783
2979
6706
11765
9885
2946
6675
10059
5584
11203
9642
10619
2177
2792
5490
2124
10430
5039
8872
6817
11472
3944
10548
6141
4127
2070
3299
3254
8924
9796
2248
6127
9823
12248
4383
310
766
6835
1426
7494
10779
9
59
11182
8798
3551
2800
5484
11926
4129
6340
6600
5461
11631
5546
501
5784
1135
1720
11581
345
1103
5134
3723
11053
4391
2480
12171
163
1994
259
10383
7169
2357
11995
9302
5256
2187
5958
7187
9930
4668
2960
7627
3063
10352
4537
942
2213
4232
62
5012
11489
10022
7607
4226
1157
1353
10434
2868
5094
7530
4540
3051
3266
11021
8845
2169
92
4823
683
1521
10396
5631
8661
9035
8099
10392
7164
11697
8057
2552
7331
2462
7981
597
2443
2247
4760
3660
7817
8932
9012
6441
6278
10389
562
139
892
5532
238
4085
11403
25
9020
12071
5776
12147
1304
2843
5675
9553
5726
8457
2358
10524
2129
652
5719
11471
6134
12152
2478
10839
10266
1237
3956
3611
1213
622
6080
4581
10496
4899
12028
9112
139
1121
3110
4008
12232
6380
10446
2204
2303
9940
5233
7027
11785
4300
11015
9194
3736
5032
1140
8483
520
2111
1164
11513
11360
9671
9947
12093
194
3151
11371
7051
3359
3323
6983
5603
4023
217
11847
5890
4617
5484
6579
2150
7922
11513
3125
2389
4091
5444
4589
940
466
9067
3698
1613
7635
11613
2924
4839
9259
7334
2813
1558
5192
5679
1672
9576
7158
305
6482
2577
84
8773
10453
6181
6008
8731
4874
10976
4265
5209
595
487
4467
330
8075
10848
7618
2985
5503
9580
7036
9116
4572
163
8885
6097
1987
11332
9009
9398
11799
5648
1644
3151
8096
2185
68
11263
8148
2772
10329
8765
5354
10433
10494
1977
7811
6343
7431
1536
1228
2614
6347
8039
9721
1320
9961
6697
1945
10968
2625
6000
5576
7588
4890
9851
9899
9975
7528
2963
8531
7481
104
2140
10379
11984
7975
2170
69
5168
4597
5986
2682
1761
10971
5981
2615
7935
10580
6563
6479
11359
1408
2746
2421
729
1517
3033
6337
11893
4296
1781
9548
9995
7668
10369
7856
9663
7956
810
6571
9461
4003
6030
5199
718
2532
11351
7676
2000
119
11016
11765
8494
2120
10357
8258
11598
5209
4213
4608
647
1546
1836
4014
4910
9405
1180
12219
3922
4844
9127
9272
5058
11595
3919
5960
8019
2641
4119
8301
8306
6564
5067
6380
8319
8989
10551
11079
8056
7841
431
5647
281
2541
8974
1378
6968
2946
2706
891
378
2844
4598
10584
4566
6038
1094
8956
9493
4624
2261
6876
11671
8453
1012
2434
820
9172
6184
5495
10499
1090
11278
887
2719
5574
2663
10449
11577
