4930
2833
4269
8767
5003
5796
601
2337
6995
11729
4365
8404
7715
1429
3554
12167
3031
7431
9818
7330
6694
6237
9954
10392
9753
1399
5233
535
4133
3757
8004
8776
3466
11899
4312
476
11658
8267
3754
11095
6715
6226
9722
8934
2198
7247
11665
2839
3942
3796
4619
125
3793
4048
5484
6394
11637
11186
3394
8065
10885
6484
2825
5772
4237
2089
10909
2858
6124
3295
5104
4644
1103
25
10840
656
11651
10471
8424
3915
1603
1777
9429
4777
5357
10413
8972
9488
11463
6062
8568
5351
3429
7805
5038
4112
7666
10206
9943
10875
115
9802
8908
10046
3132
9287
9145
946
5104
3513
1643
3932
198
218
2848
7651
5351
10905
9180
7272
772
618
8635
8303
11174
459
2667
6956
430
7804
4075
5552
7574
6740
10169
4641
11021
3021
9971
5265
6063
944
2433
8268
1052
4950
7076
10126
6748
10293
11137
1848
6109
7027
10323
8133
1016
11407
3750
373
6129
11525
7178
8118
10777
5596
10063
7824
3321
8083
10052
467
9183
10024
859
10242
9715
10612
3879
2038
7019
10574
5282
9594
5419
5582
7948
5766
6369
11759
6797
5371
9747
6272
10379
4725
2298
2817
5773
3275
11946
8273
11704
8461
6559
5642
11350
11829
11010
72
156
10808
10409
7768
6494
1149
8221
4824
11172
9185
10931
7048
4053
8131
7813
8470
1144
8635
7364
9204
4834
3217
7132
6320
7567
8617
11813
213
7102
9418
6910
9115
10073
7457
9919
10736
4850
6132
8361
2684
5642
3228
7338
3293
7341
4686
607
7227
1834
7966
10697
5483
2368
2619
2676
7184
585
10770
6341
7929
8227
5396
2025
2092
9545
2606
1117
5043
1198
2640
6760
11172
165
1165
543
8364
4558
93
6795
6998
2304
5224
6074
3931
3186
5180
8650
8721
8710
8606
2311
11884
11089
2991
4004
4005
10910
7463
9418
10351
5557
2471
6362
6042
9121
11194
9280
1967
10567
7896
8149
5287
10986
166
1552
1326
7461
9256
3689
986
8862
6724
8435
4982
9369
5740
10299
6818
6354
11952
3654
8878
10029
9010
2547
566
3150
10174
2946
5501
2486
11884
3808
9251
7911
2632
8551
4921
11889
3163
3002
8925
4007
4442
1
10225
2095
209
7691
1630
7372
7159
10621
7280
6909
2627
7490
7037
2394
12281
9968
5612
7895
2829
3507
240
2098
12226
6231
3894
10496
935
8314
11383
8543
5360
3092
3833
1790
9508
10604
8506
12166
6611
8872
10329
9063
9832
4223
2396
9666
6119
2922
5158
11503
6331
4987
8452
2602
7141
6768
10797
4148
3022
2967
9124
11346
5284
10106
2495
7872
12019
3038
7838
11504
356
5795
10578
2334
1827
10719
6110
5533
9626
7863
8664
2868
5885
1381
11911
6080
10402
5729
3472
10643
366
825
7804
1636
7995
4832
12285
10456
3497
2841
7803
899
7501
2487
9595
2556
4875
699
9323
917
8556
5628
4298
2097
11632
11945
9779
10773
1885
7541
2396
10384
7729
8707
738
9852
321
4305
11810
3659
9309
6131
7119
2790
2930
11029
1521
11305
11086
4053
1680
4914
6951
1747
4843
10078
6982
996
4848
5150
9891
7730
7583
9594
364
2297
7487
1942
3478
79
1484
9351
4500
9962
50
2746
5395
3218
5380
2306
4385
4660
48
10262
9342
4922
2202
1864
9576
1025
1531
3135
6066
12109
8651
9733
9763
10470
11135
5088
6055
7458
6611
6510
9877
10583
5692
4863
213
7424
10694
2269
2240
3198
5141
8372
635
4491
8593
4710
7804
10875
7721
5928
5328
11698
7463
11374
9083
8508
3536
9157
11473
10488
6941
3927
190
7239
9050
11625
7404
3474
8501
10470
3261
10760
594
1532
10540
6741
9210
7613
208
4255
7267
2532
5248
58
9389
2108
3397
4433
7611
4159
8737
2700
11783
9012
6841
6506
3881
4601
4708
6521
11418
2756
3714
9940
2504
2037
2771
1659
9306
7269
8955
6238
3631
516
9883
278
3747
3121
581
8871
3180
6425
12075
2734
6601
9202
3232
11678
11486
4103
8012
1071
1477
5621
6129
3271
2683
2500
7396
4555
6016
7237
253
1424
3761
8775
7954
8296
7847
1788
642
10946
1152
5683
9151
381
11928
1993
5685
10063
1094
11752
1522
9643
635
1849
6172
6750
10213
551
1091
8012
1906
10524
3609
3268
586
5242
8996
4124
6986
5834
2737
11232
7400
3435
4851
9574
2157
11062
2358
3630
8927
3686
8017
2159
6556
11807
1319
10130
7527
5712
7664
9367
11038
1862
8401
10443
4720
8740
6012
3157
6156
2012
780
1497
8078
4313
10601
1243
6524
5198
6601
7133
2619
3850
1252
6240
6345
5291
4419
9617
11619
11245
11588
10653
391
3130
6464
3220
7555
7218
3869
5230
9697
9706
6577
8596
2876
9219
1826
9821
2789
6771
4713
7790
4993
2573
4613
5789
11818
10904
10156
240
10505
8661
3152
986
10994
7476
8198
1104
11819
6191
6386
462
2746
6826
9563
4018
4506
6599
12191
7090
5180
11196
1685
6589
7156
9440
4510
381
4330
571
12141
9946
5655
656
10726
7325
3037
12138
9806
437
8956
991
5090
693
4572
3927
8527
12140
10744
5319
5359
10583
5856
3775
64
3027
4480
7204
379
1389
7645
5989
8743
12267
940
1185
11257
7620
1993
10296
7629
1263
9311
4737
9124
2659
11780
945
3980
1220
767
9701
6452
35
2253
3859
2618
10739
11857
11479
7140
2368
4551
5997
3747
11874
11139
3688
7094
6475
4067
3345
8760
4825
4339
4350
6766
1794
10542
1862
7183
392
343
2277
8574
232
8705
7181
5056
2622
8500
7385
1532
10065
3963
8088
11482
8365
3393
11325
461
8958
4971
8050
5135
643
9222
8057
281
11868
9092
1232
11368
8944
5610
8923
8410
9599
6259
5573
9030
10365
11628
7593
11009
2128
8717
10356
11280
5534
11479
12026
4128
8252
8165
10253
2837
1402
5739
9432
8240
8644
41
3501
3521
5966
543
2338
10106
1224
1019
4808
9880
1007
11107
3077
3333
9354
6235
2901
9679
10921
5472
4266
12251
848
8282
4337
4913
8979
1409
9749
6833
10085
2983
11341
9181
8936
3188
7060
1535
11202
3136
1350
7529
7484
7959
7005
11456
3130
10435
2466
10257
6720
5484
3021
3659
4288
2733
9356
2683
1565
5516
5394
7317
10765
8033
4655
11911
5289
305
8765
11745
6864
2520
5800
8001
1709
5121
6761
5862
10103
4384
7525
2395
7151
814
11976
7935
8562
10124
4438
4929
8806
9749
10031
6064
2911
5656
8175
5489
6783
5550
5421
6840
9612
10748
48
5031
3192
3387
8412
2105
6094
2089
10499
74
4716
10151
1308
6803
1628
4708
1306
9547
6821
8481
5856
1846
1402
7657
1438
3723
6480
11971
715
6004
12201
11632
8466
3125
1583
9703
2151
5568
7586
5837
2861
1798
11128
9257
3226
6492
11380
4656
6693
11271
11753
6953
3365
9148
8661
601
10845
7906
2585
6987
4686
10338
12044
3987
9664
12256
2847
6144
1925
11172
1319
605
11425
10579
8477
9684
1226
6803
897
5479
10839
9215
9109
4507
8629
79
5601
1672
306
1678
4902
2059
7665
12129
9446
2792
9057
11417
2919
2707
11252
8597
5933
10529
4835
11618
5703
5501
6737
12103
2610
1741
281
193
7953
1221
8128
5796
8142
6624
3299
7014
7553
11414
9807
4388
7290
6612
2657
2710
1863
10235
9255
1164
2203
3456
2257
3546
8132
215
3271
533
4182
4590
8296
9583
6427
385
4790
1742
3677
3989
4942
3308
4445
11021
7272
1598
9783
4557
7588
4286
9942
4917
4609
585
3363
2709
12002
11212
10964
8722
9288
10832
8935
27
1177
6358
5862
7663
11722
4520
4293
7840
3629
4525
6135
11116
11630
4890
787
10493
4248
1596
10014
5414
2914
341
5469
11450
5898
10927
4812
3407
4798
11239
6611
8604
10001
10521
1825
4099
3827
1777
3525
2260
10483
8690
7729
4055
9458
3197
10297
639
11137
9102
8657
204
146
9002
4184
1126
3778
10373
6806
2411
11627
913
8606
5286
4274
2177
7926
2249
406
9972
603
697
4578
4827
5426
9892
4340
11816
2564
8577
3799
7441
5593
6806
263
4202
2439
3200
6906
2475
60
1866
1947
2191
3061
3395
175
11556
10187
7352
1434
8232
11835
454
2021
1176
9281
1573
8496
7604
9018
5379
6968
11237
6510
2691
6203
7189
1345
3287
6350
1504
7392
4476
578
1466
9977
9171
7268
3583
11884
12154
4303
10558
3819
11507
5514
11939
3817
141
4372
9328
9764
7489
571
4513
923
11017
4209
8647
5681
9295
216
7734
6352
6302
10096
8616
2688
11615
6864
10162
5575
1611
4001
9234
8404
11265
6279
6807
9621
1441
9489
5008
6548
6971
1025
8186
4181
1067
4574
9613
5385
6805
6184
6682
2268
7034
11373
6483
1184
10534
10942
807
5971
3341
7551
5108
4612
7661
7101
7011
3848
10883
8005
4359
3737
80
858
2526
10061
8463
10581
10801
6224
6855
1306
9356
10094
11975
8934
2854
11813
5650
7730
8027
6314
2184
574
1072
7514
7594
4807
1547
4078
1879
228
4970
11938
11770
2601
8119
8643
10625
9451
10491
11302
6976
1992
9471
7575
8411
8973
11976
1005
2935
9011
11621
181
2565
1523
80
137
8354
1329
3152
2084
11081
2373
7809
7226
10788
7649
8149
7642
304
207
1933
11553
3141
2570
6827
12184
11153
7727
11852
10358
11236
11419
2406
1164
6736
10811
2093
7772
11929
6895
9843
2519
4361
2167
259
3580
3620
886
10606
1851
931
592
6921
11899
5447
2697
4442
4501
4849
2437
2782
5610
8242
1447
11556
757
665
8115
7058
5918
9457
88
1045
10853
53
6116
1822
6656
3198
160
1907
10460
11733
1152
7127
683
1977
3833
905
5727
279
5051
9160
6958
2638
7100
3692
