2665
1533
77
11898
113
2320
11247
2140
5289
7601
373
8369
9459
8698
8089
10961
10723
9905
200
10435
390
5785
10362
3243
10086
3964
8523
5552
2017
6975
848
6070
12196
11633
3946
6972
6852
6994
9363
1080
5111
6518
9162
9589
10336
10499
7314
11563
3086
11528
114
11081
11355
420
6501
3790
7028
1853
3301
2634
8258
6216
7234
10477
1586
6265
6460
3422
913
5513
12281
4389
7484
7276
9954
8238
1236
4574
11220
8933
11585
4302
879
11567
3595
1926
12215
1089
2778
4004
1167
11432
6532
6466
4537
2430
11924
7041
1310
4505
9455
7454
11270
11226
7444
11039
9232
10983
1000
10170
4379
7130
12058
6577
1966
7550
1470
12246
6718
5858
791
6113
9761
6598
6896
6354
9590
1590
1813
94
7737
9779
10041
7620
1424
7894
8479
10522
8179
11491
2231
3708
2418
8748
7506
2457
8653
10797
1699
2658
9170
8662
4256
10118
10637
9022
3047
3464
11205
7302
6272
8904
10360
9793
1576
11779
278
61
6539
6482
11112
1051
8076
896
4614
11509
510
8213
6741
1130
11624
5681
4666
10765
1353
8230
230
4982
6012
5140
7861
4432
9056
3573
5649
825
1011
3492
8921
9354
3862
10788
8122
3383
1354
10124
840
6179
7220
3264
494
10844
1835
1062
10488
10275
7997
8316
1407
12240
1646
3415
8115
10774
5494
6990
5166
3687
2276
8102
12
197
3255
5638
1218
9516
2584
9536
11075
9458
7114
2292
7426
11096
2389
8721
4523
8650
8960
2734
8280
10338
3097
564
1082
10524
6859
8840
1653
7249
1175
138
10940
1222
3301
1853
4281
7416
5738
3589
2943
3658
4487
197
11873
2459
681
3558
7566
6369
1702
7522
1959
10830
8497
185
3061
4588
11860
2298
4826
7432
1511
3612
5898
12043
978
10084
4972
7681
4973
3846
7562
8413
868
99
964
11483
557
4179
9668
1155
1752
10926
8723
19
7455
8465
11853
5615
5666
1772
4847
6201
12122
8673
4156
2343
8884
10272
5825
1158
6038
9270
3012
3488
2273
1562
9086
3614
7312
11006
12096
3833
1425
2317
10605
8309
11255
3995
5716
12133
6908
5279
826
6859
1451
2913
9650
6369
8238
11184
6194
4417
6894
8490
596
2501
5799
8396
3643
2472
7907
1266
8262
11759
6686
7140
6866
7083
393
8225
1043
5736
2909
737
2234
11685
5168
1553
9979
11704
1083
5279
4802
3885
10866
3833
946
7579
6007
7022
7491
5421
5980
9674
3945
1742
5539
4964
431
3240
12080
2702
9799
9956
4709
5498
7683
7965
4317
11454
11584
11366
10205
2413
8031
5692
9569
4295
5795
549
7760
7751
7297
11392
2080
3256
2443
4624
35
9063
7385
7168
3062
1361
1971
2480
420
11365
4708
8418
2160
8268
8186
7932
3982
12035
10199
4964
2981
4987
1714
3538
1725
7260
10660
11618
10140
6422
363
7935
3007
1128
4444
3459
8025
12218
12069
5739
4905
9834
10804
3114
3013
11565
8909
7547
11932
10631
3198
664
10341
922
11792
5935
4311
11738
9934
7582
4346
11439
2759
2046
8063
5458
3451
7483
6169
4877
9976
10568
1889
10127
5251
10464
11463
8151
7554
619
10423
9638
9268
11603
107
4391
909
99
3644
11306
187
2454
4358
8619
11902
8150
2132
2074
6644
2430
4667
5261
2949
3538
1107
5893
8804
3608
10186
9717
3572
10561
5418
9928
112
2849
6961
328
5519
9280
698
775
2183
6692
3872
2100
11043
6829
882
3908
9014
2623
3447
1432
7413
3742
6834
7909
5686
12241
11445
107
6886
3401
1333
6509
6368
4777
10960
8761
4275
5247
2037
1433
11721
681
8475
6140
3510
9023
9716
2996
305
11954
834
9705
4332
7710
2492
2542
11114
5519
11217
9609
5198
8159
5655
9043
12026
9690
11852
7012
4264
5888
8771
6637
11763
11276
7848
12224
3267
4543
12222
6746
9644
7953
8265
4298
4863
1654
1981
330
4099
3669
3548
9410
5859
1936
8283
6288
6524
7473
10736
885
6495
9162
5623
10326
2586
9374
3689
5139
3698
9062
47
333
12248
6760
11432
8612
11749
7456
7246
4827
1450
10740
1288
4689
8563
11450
1026
942
3250
10317
5273
3892
770
8946
9811
3179
4596
10213
9832
8784
12131
5762
403
6882
9442
1002
4083
9509
8943
12209
7280
1464
4491
8527
6990
8650
10115
6789
8509
10428
689
7980
5439
1724
11176
1219
4094
10430
10196
8104
12078
4322
11757
5479
4663
3170
2411
8451
8005
9020
8108
10644
9144
4886
9473
7538
2433
732
7904
3394
3541
5911
5581
7371
3603
10791
3261
4224
7646
5819
12046
1837
1668
10359
7356
7189
8589
7503
10217
9164
3493
1178
5211
11210
4454
6773
11760
4802
7903
5071
6159
9037
745
2498
5311
11836
12260
4174
9926
3967
1196
3982
556
3168
3964
7883
5015
3040
10811
10223
11182
5599
6473
9216
5095
1395
5886
6739
6985
11286
3024
4656
9645
2075
6348
2944
7168
1721
6500
8579
8565
1594
2637
2355
6834
5999
8932
11403
2865
5808
6963
1872
5464
8206
10572
10186
7286
8152
6658
11123
9765
2956
5017
7544
9995
12162
5243
11028
7238
3715
10944
11106
5743
2088
8942
2389
4725
1111
1726
11724
7467
3258
7900
3997
10700
4366
7093
8024
3623
5037
4836
2731
9058
9659
5011
893
971
5902
5253
4382
2585
10306
12219
877
6271
8974
4050
8593
6223
1397
12214
9916
10394
5123
23
11350
7783
6117
7265
5571
811
11916
347
4167
9640
6186
9828
2052
8645
3908
2705
987
6618
3566
8617
352
3776
8841
11569
3350
1877
3903
10321
3678
9908
7231
2260
12087
4208
788
12210
12104
6739
5118
2689
9892
2465
7345
9089
10157
6824
1105
4300
1213
180
12164
1393
6167
11014
4003
5495
10318
2259
10021
8591
1109
10131
8388
4845
9990
1407
11557
5232
8369
11654
2290
5297
8522
10618
6260
12185
2076
10990
8574
5205
2048
12110
7840
6089
5495
10612
7283
10809
2394
3644
7674
6180
9888
9951
1863
6298
4320
9579
891
1153
9363
1315
7111
6353
6847
2042
6454
11844
3601
1142
11687
9632
9533
6023
7095
9540
10175
3148
4743
11763
2728
7450
512
6578
9603
3826
4991
4325
7678
1622
9187
5402
8592
512
4546
6539
2487
2976
5054
9887
2415
7402
11262
579
3360
11338
4434
11006
8962
11212
3022
297
6566
8428
4155
2270
7894
3201
3738
10509
11554
9759
1165
11147
9325
9875
8868
8475
7068
3292
10248
3707
6203
355
1484
205
4712
4453
2635
1328
607
3987
6550
4249
1207
177
1357
11647
10371
3910
9785
9107
6675
12049
1579
264
7109
8580
9006
10538
3865
10131
2010
8098
4291
5449
8560
12093
9497
2077
518
9488
1734
554
1508
6877
6195
1963
3573
5523
9497
4543
2792
10324
1985
4264
10165
8204
3639
3074
7766
5456
8941
10355
8480
584
8573
6033
3205
4294
11228
2997
9993
3180
3529
10188
1445
8535
1041
10422
3865
4633
5487
7722
6342
916
9679
12120
3843
9667
9696
1055
9874
9194
10021
10694
10851
7718
9933
11299
5254
4955
1921
4093
4952
1849
1655
5903
5314
5180
2809
1531
10229
3387
4796
2285
6664
6652
547
10486
5108
6083
11341
4562
7075
5310
4176
8456
9061
4579
566
3011
9756
1813
1393
6821
10779
9560
11664
8543
1176
7230
11012
5356
10540
7437
8163
5529
7809
10767
4963
4815
10207
3894
2177
5376
9193
4844
8844
7774
9574
3481
4476
8272
695
10233
1374
11577
4252
3210
8330
4264
9162
4156
10908
10359
9868
9444
5618
12199
521
2743
9598
4252
5184
4160
7061
10416
2137
3167
8231
6142
4901
2807
3596
7645
9152
9571
1979
8526
4541
10484
8209
7959
6768
5097
12099
6506
5852
11000
8537
9662
2842
2045
1604
6924
2696
5474
4876
4731
7861
7644
7287
2160
5009
3096
5330
7343
1245
12066
9265
3536
4438
2528
8564
3142
10185
44
8372
3073
11884
2076
9381
3500
6863
4442
2484
10728
5856
8622
701
2912
5611
615
2626
9847
11637
10082
9517
1663
6145
2989
2569
3749
4052
816
10587
251
2402
11299
406
11865
7974
7248
5515
4257
6184
1802
409
7329
7916
7302
9543
10598
11734
3692
5866
1458
2317
5797
5998
887
8402
4133
8330
11821
8694
4550
9754
1222
6244
3120
11228
161
6248
11309
7030
1450
1266
6833
10301
2022
8934
7267
9284
11484
855
2179
1620
10326
1208
9150
8683
6977
8887
5017
1252
6498
6700
8402
1638
6215
11490
2496
5644
11673
10654
3035
10823
6600
261
4484
3530
6607
4065
9207
2377
8903
11359
9440
12244
10902
6914
2464
10567
6000
2593
11460
3804
8849
2358
5321
8648
7603
9891
3285
4761
4476
8195
4099
6912
385
8148
11701
7662
7395
3017
8001
11749
1621
6895
5264
10640
4622
8333
4952
346
7054
1334
3219
10283
8052
8209
188
5102
971
1552
6574
3417
6855
11497
8550
1847
1410
5818
4215
6504
11888
8660
3441
1395
1868
6869
10248
151
4098
4961
8894
9536
7531
6756
2809
4217
8561
2645
5928
4293
6920
3955
4129
4902
7615
1330
9554
195
5743
1206
6976
8273
4238
9092
3499
4663
3479
11840
10560
4313
5523
5820
72
2212
8310
4328
4279
2511
11815
1517
9064
2779
10970
2600
12049
10076
1125
1152
8280
6967
456
88
3476
938
4776
5471
11214
10299
6448
11690
7791
8908
11491
2087
408
6975
6841
10966
2138
9770
242
4576
5003
9947
9376
2771
262
4192
6911
412
9220
3964
1381
1849
183
7921
6371
9546
9693
7764
2496
10902
9831
1692
3539
4256
3148
3556
10949
8009
10251
3484
10990
7825
2722
11507
6318
3627
4213
3051
5307
7819
2458
2644
11393
684
2480
4434
4077
2545
3716
2322
8523
3322
