4948
3302
6533
10509
2040
752
10569
2186
6522
11029
6749
6620
8142
143
1852
5870
9892
7503
3657
10348
8917
10961
3963
11093
6583
6220
8702
4276
6227
5381
5720
7457
1654
5267
9702
1071
7797
9384
2302
3458
5892
7864
3441
1668
11090
7089
10885
9460
2725
8541
1176
9498
5462
9108
50
8242
10822
6735
1492
2785
9130
2300
3284
698
6461
1628
9184
286
1490
10486
11484
10449
5554
9273
12101
1476
4709
2054
6665
11881
6679
926
5854
7676
8981
8068
7898
9059
4286
7495
6989
2823
4643
2200
5191
9252
11104
4530
866
2963
3331
3621
7754
4170
7047
11679
5215
8273
11484
4832
6769
8847
6590
6635
6408
7998
2823
9175
8366
4073
1737
7535
10212
9465
6708
4105
9073
3362
7112
5270
12241
203
10897
2876
7519
7370
9436
3725
929
8774
4425
2124
2402
6314
2367
4993
3632
4350
2894
7798
9697
4158
10673
6594
1721
2938
2286
4160
2293
10056
10718
10570
10006
12121
8887
302
1136
5315
4400
8970
10328
4123
11445
10265
5005
4611
353
11588
11800
10730
6576
5358
5740
3153
2976
6415
5594
6829
11258
4952
12221
2868
425
1823
1847
7559
11315
3266
9917
10441
8445
3253
1756
3676
5541
6550
7104
11254
6339
162
351
12029
8059
5189
8467
11802
3136
10854
559
5305
3089
3569
6047
9078
2218
624
2574
10212
4280
8420
4732
4166
3758
1931
7809
4027
11218
9696
9835
2757
9403
11292
7303
1417
812
11867
4768
1508
3451
6039
6550
7263
10366
4337
1156
4399
4438
7044
10271
11779
8707
3120
5328
8965
6021
3875
10533
5799
11195
2479
9294
12141
1484
4707
6115
12008
11730
2130
8840
5940
2921
559
9588
11838
4294
6530
4111
9426
6072
9601
5184
11754
7522
11917
1024
11655
1029
4261
1164
930
8272
2161
9589
9802
9009
5939
6114
7575
2757
1784
9431
8632
8170
7450
5161
6753
8591
7498
2270
5477
2974
2679
6285
6518
3492
9128
1426
8537
5228
8363
1506
2840
9762
5065
5719
626
1667
9196
8152
2314
2077
1542
7204
1839
8803
7418
943
4458
484
9305
11738
2161
8568
11598
8583
5922
10023
8000
11389
10189
610
4720
12088
3850
9219
7645
7786
9687
8088
9812
4298
6891
8536
4091
184
8983
10708
472
11531
12271
10139
338
8547
3293
10963
540
10865
9075
4803
2617
11327
5176
273
4106
10005
12060
6957
5552
10172
9104
11570
705
8940
5658
7673
7879
11175
9833
285
5391
3315
4551
430
5461
4376
5028
2004
6728
11999
706
2939
8932
9333
655
9748
8240
7095
11889
4305
8686
5423
5537
691
11491
1306
801
3822
5367
11396
7183
2612
7603
9377
3225
8475
7205
6453
10169
35
5294
1391
4971
9818
7812
2441
6968
11073
5270
3681
8772
10872
12280
11237
4796
3320
8340
5095
1516
8668
83
5751
1752
4645
11760
11280
6962
374
3526
1646
1594
11515
497
8878
1169
1606
5391
11075
2029
10374
7805
9878
9939
6614
8139
11305
5584
4578
6801
133
448
9454
350
10075
6510
6047
3780
4912
6423
7003
1680
4242
9565
2241
10908
5443
749
11248
7845
3153
819
2096
7629
10514
1681
3250
3339
11823
10125
3981
6257
34
2922
1096
12105
11333
6794
10485
108
4656
2586
4930
11099
4194
9257
11523
6517
10126
7504
11884
10248
6538
461
5124
3548
11448
4407
10636
5658
8503
6862
2306
518
1725
9696
4415
5628
2033
5040
1051
8495
6548
4501
888
3973
4453
5270
2963
2011
1049
11988
7887
7575
7158
11220
6854
7956
5242
10453
11309
256
11908
6572
7071
1929
10795
4370
1672
3766
5124
4265
11921
7481
3447
11426
12095
2289
1768
468
357
7134
5697
11808
6275
5764
4743
4571
6902
7908
141
4297
6075
5006
7988
31
8494
5660
7280
10593
11600
7257
6201
2212
10076
5634
1511
9307
6805
2505
994
10932
7891
11242
1161
731
6770
11503
3950
10524
10743
7155
11384
5663
7
11780
2271
7272
7842
7410
15
5738
5482
251
9575
10718
10432
9109
5625
4352
1032
1247
922
9786
3204
5390
10527
11752
6377
8439
4023
7589
6195
2592
3570
11373
10074
2260
1412
9719
1136
8606
1864
9569
191
4501
1088
1598
9043
7618
4312
5527
5738
10433
11390
5048
7353
7463
5650
7952
9279
9574
6982
3086
694
4361
10801
1698
3108
1781
6456
11450
2023
10869
2149
2677
7930
2462
5060
6040
4359
7719
563
4955
11859
6402
10334
3541
1991
10620
7376
1238
4031
1562
4527
1755
296
12031
6632
8491
5869
2390
5551
11780
688
8965
2518
2817
1751
11204
2688
726
6277
4637
9940
1495
8608
3952
898
2255
7245
7782
10096
5633
5623
6457
3405
11726
7052
6471
11526
10253
6736
3203
6018
7532
11383
8162
2717
7307
9953
8157
12245
10562
540
8275
4126
7092
8363
6303
4532
12
2484
5087
4713
8224
7184
34
9214
11
2896
3994
5631
5924
9808
11655
613
719
11753
3812
8951
4003
10074
3598
4357
11956
3945
3507
1476
5700
1120
3761
8877
3630
10200
7862
5302
5308
10776
10287
11908
9969
2737
11885
2751
2841
2306
887
11566
144
9883
10080
3920
3925
53
1840
10403
10455
6095
2115
11883
9967
4856
1412
10877
1804
5914
11733
7586
8240
9055
1927
11343
8955
2745
4798
6466
2228
3151
1997
11755
12035
2657
11317
4322
3776
5328
1023
10421
11503
8283
3557
8298
9817
5352
12223
4454
7421
7784
546
3643
9079
10181
5286
10334
6945
882
3844
2051
858
522
4225
796
11376
12044
6836
1255
3447
7285
11989
5909
7401
3460
4562
10120
10254
1722
1968
11968
2337
4519
2316
2767
9849
2125
8168
2772
1000
7835
6478
10860
489
92
4866
9467
1884
7960
1585
1723
9409
4788
4252
11012
802
6307
4322
8625
9288
6278
3010
7708
3311
9299
3696
8933
6251
7160
9309
4805
4850
7279
4294
11405
4305
2754
5365
10818
9941
5338
3485
3851
4427
2613
4812
3455
272
9211
23
3454
6059
1908
201
6686
7982
10986
98
6574
13
7330
9784
10156
5296
7817
7173
3596
6526
6771
7056
9182
1579
4550
8691
400
1198
898
1973
11693
7717
2831
50
3725
11305
9648
3077
8762
9109
449
122
5992
1102
8860
2713
1257
5294
8828
9903
4360
11065
3155
5670
761
2641
773
8450
12140
7045
1226
9864
1570
8461
6873
7976
2368
8637
831
10490
3841
8018
1380
6574
1064
1355
9622
437
9177
9278
6045
6343
9125
3101
9338
11894
108
2103
7182
10693
6638
1664
7567
1628
2117
6311
10611
1334
2943
6090
3663
10593
9083
12264
12275
3721
887
10298
9299
1867
9380
11449
2291
5429
4681
1220
12091
1594
615
3959
6634
326
7912
239
10924
10061
3365
10190
460
5467
1114
2318
1027
10476
11987
3854
11083
283
4499
8294
4126
10569
9040
11644
2744
6504
4399
4827
2521
12043
9455
2998
9478
1535
1259
559
6040
10578
10345
2297
3712
9500
8903
6090
11235
3111
2882
11517
5134
924
4054
3250
9530
3762
6833
9920
4885
7705
1885
11929
2820
6282
5017
10327
9640
9163
739
3982
10277
8329
1662
7707
3615
9305
12086
5726
12017
845
9849
9651
2533
11964
5999
752
12175
2615
10495
9637
1633
7248
560
9873
10258
2588
2906
12242
7264
1523
11607
2619
8029
7776
2006
1834
6008
3556
10432
10416
3265
4183
6377
56
5244
10083
4633
10064
5201
5903
4975
7443
6929
9436
4073
9740
506
7181
4784
3499
3936
7991
7298
10533
10639
3023
8571
649
91
1191
8609
12083
10887
3133
11865
8161
7045
8025
7941
10170
6587
5351
5093
7109
4587
433
7734
4858
4843
8248
9558
3591
4098
6037
412
9984
9233
7329
7126
3080
10827
10738
4651
3782
5658
7070
7141
8311
1034
6
11683
926
4859
5085
2081
1119
2029
12196
2847
4121
7807
4510
9697
2046
4117
459
6473
1821
9414
8678
2356
7978
9169
8497
4655
11271
930
5749
3472
1826
11689
1988
7058
10148
4429
10785
4156
1644
6064
9968
9765
2008
5769
3937
11620
1381
9512
9169
3664
3310
8560
7200
9394
8641
135
10343
7453
8002
3815
10711
3466
1423
1415
4253
9371
6233
5123
7166
1475
2646
5521
467
6827
4820
1857
2886
3389
9922
8503
9127
4740
814
12243
10468
8143
3384
4343
10071
7445
9443
7087
11418
4064
11134
2161
8913
465
5322
11665
4385
6262
5357
5516
9534
9837
8699
9680
1489
4357
7082
5149
9427
6398
10239
9710
11697
486
11257
2003
8035
10427
7097
6048
4628
3155
4431
3327
6697
5930
2343
6620
9985
4911
6099
6286
170
5989
11268
2444
6468
11523
12274
6335
5473
4147
6268
9044
12239
1625
8890
5103
9682
10228
5370
2664
5268
6186
4888
4218
4445
7773
11493
10377
1876
616
6558
8658
2981
2650
591
5336
180
8075
11828
7276
9825
8446
8941
1715
6207
9083
8762
4278
5438
1668
277
11218
6568
11248
8844
8062
4914
7436
2412
10762
10942
1599
6553
3031
7300
513
5038
8427
8049
2780
9051
10230
8545
12048
2099
6996
3407
4482
12093
7827
9708
4828
2368
11478
9676
11058
10786
9624
2699
6499
180
9525
363
12207
7092
4689
9571
2267
2209
10114
11984
1849
2974
11050
684
3538
1277
10633
3995
11927
6144
2836
9733
8169
2089
4872
703
4187
11558
2619
2867
2819
1637
5198
11479
6297
641
8740
6740
7948
3655
8055
8145
8138
5430
7237
5167
1332
211
5267
3039
2996
3850
7055
7838
2411
115
6478
111
6328
1423
10920
10713
9042
9736
7171
5917
198
11568
9058
9336
1472
10244
2687
1051
360
7363
11246
11038
2592
6819
4609
1376
5552
11253
3669
3700
2148
8321
9511
12080
3686
8307
