11634
3482
3985
2983
3716
1470
8595
6953
584
8115
837
1861
6438
9221
10411
11121
8134
4731
8571
7170
3314
1217
9687
8213
6362
10186
4294
10027
1997
3127
3690
8774
576
11349
4880
7142
9845
5898
2580
6513
4561
9430
8245
7068
2661
4707
8339
6052
10053
6254
6297
11704
4123
1894
9155
5599
11402
8839
9108
3453
10743
6753
7913
6046
3614
11506
4015
5087
2695
2239
5961
1278
4330
12165
12024
5954
381
6932
3810
1953
5443
2154
4983
4175
11174
11701
208
11583
8410
3680
7357
4866
2005
7782
8969
6064
3728
8120
6773
10810
3286
7895
6794
10169
2106
10889
8992
2562
6915
5181
2420
10172
1482
2952
10905
2648
9463
1010
6619
5769
12287
5149
9506
9124
11320
3760
11339
7303
9173
6662
3129
3285
2639
10656
8976
11207
3940
588
4715
6786
153
9853
1809
10023
8732
4554
2423
3428
8573
10643
348
5934
945
10459
5361
7828
2867
1458
8214
8479
8648
8896
8064
6837
5678
9320
2074
4852
3510
3172
9940
9815
9132
2341
182
4599
3253
11248
8077
9429
11431
11029
2432
3839
374
2274
3452
6678
8762
4983
7621
1013
11278
4487
222
1596
2993
2748
9185
3288
12246
2036
7171
1234
10650
3745
2257
5369
9290
11684
7762
163
5796
5270
9872
2887
1140
9792
8135
9653
8078
7581
7894
5843
232
8014
4397
5128
9281
163
4463
2269
5996
2365
4114
9615
4217
2382
11132
5690
1198
7568
9
80
11348
1920
2241
683
12165
6969
6853
10870
6482
7732
2407
900
1015
3672
7438
11024
921
2189
4283
4340
52
2293
314
5822
8352
11500
6525
2263
5738
4298
11211
9586
2066
9934
10915
6807
1002
7641
7020
5756
3558
5947
911
471
2214
12063
9048
10056
4170
6708
9347
9754
5171
3296
2296
10371
6095
11861
3458
5485
6563
11176
2817
4536
8229
9277
12209
2573
6064
9403
4520
11688
11138
7895
4245
12019
9235
1480
9608
10436
5733
5195
11806
10442
8559
6846
12236
6354
6226
1579
1572
887
1189
8146
2382
5733
10730
8269
10684
3552
6640
5210
378
4846
6096
1528
8979
1299
11205
2037
1245
12072
10828
4382
12265
5184
6851
3420
11752
5637
10147
7908
10546
1052
4791
177
11913
3219
8035
5711
3385
5535
5499
8428
2846
11712
1562
703
5458
620
5477
5344
9409
12134
49
9001
12019
5242
7346
1294
2160
10776
11547
3433
1340
3415
2786
11502
2927
6806
1676
9674
5153
6406
10334
5563
4067
6640
7450
3028
1610
6324
10322
8871
8648
10612
11728
9384
5557
8439
2462
169
8129
4725
5497
4821
7346
6912
7368
7083
9642
4069
6786
9281
10605
9446
1486
7778
10232
399
610
9306
2451
7617
11423
8380
6340
4690
2683
6964
432
9695
11952
960
11223
4375
7090
5502
4164
12083
9151
9961
5511
10798
11836
4517
1676
8993
7944
8169
7996
3054
7628
10588
7939
4423
2502
8147
8959
11439
4659
7590
11305
5122
7535
2376
5914
2049
4295
4563
12204
10368
1715
209
823
1736
11897
9756
4303
2442
8956
10814
10887
1219
6724
3542
6119
3349
5315
3296
2559
10643
666
8190
8015
1008
10994
945
12192
4654
3477
931
10269
96
5465
5651
2210
5504
7471
11619
10198
6143
9181
11073
3723
11900
5844
3726
8805
9789
3648
4543
2902
11838
3762
11470
7264
8497
3838
4004
4246
10352
10814
12288
9742
2858
675
6136
747
10598
9850
2723
3351
3802
536
8217
11879
9866
8580
1028
3151
10369
6144
9008
11263
1286
1982
7846
642
560
767
6982
8174
808
12016
11194
11629
5536
7883
3406
10954
4257
8439
2408
1068
9470
1524
6477
10104
3937
1142
7002
2160
1129
8425
12238
2989
5080
6758
3389
6738
11929
11084
11131
1943
5174
3002
8935
8033
5067
10549
8655
3057
939
7754
7950
6295
2644
1751
2270
3958
9357
5492
10971
5700
2788
12279
9785
2215
7472
10856
6531
8155
5891
7744
10276
12018
6281
4187
5031
9284
10782
6085
10780
12039
4671
2350
12178
11651
10289
4783
8564
8332
3274
10642
2692
4388
391
6873
7704
1057
11943
5626
3815
5962
2055
3316
11259
8570
5482
7353
2611
7247
11536
7746
11758
11799
3130
4
8174
11579
2948
6253
7362
10567
6944
5543
7255
9471
1467
1394
8207
12037
11486
9503
2980
1750
1717
10374
2823
609
12062
10553
12188
7968
2169
1225
109
7565
11162
508
2673
2715
4229
12161
8613
8520
5629
8034
11725
4735
8725
2892
4033
10043
2118
1836
3616
8646
10904
8975
2470
6127
11487
2076
10302
8907
8849
10474
429
6810
8671
1617
1396
3402
6433
1596
3607
771
8825
7208
12223
9025
6739
106
11533
5833
5731
7461
4939
2348
2792
4491
10889
4777
1028
1787
4145
3796
11351
6748
9564
5112
5261
4744
3892
6067
6980
5285
1972
11901
8093
9620
6756
11033
833
2388
4730
5065
5110
672
5067
5219
918
2332
113
3875
1015
6918
5913
2135
2033
7932
9559
9846
2695
11197
6779
11366
3731
6129
10027
5771
11868
1321
5249
5469
11868
11858
2343
5745
533
8413
10071
367
10319
7287
11338
9409
7687
1386
4448
2498
7474
11077
11923
2434
9176
8644
12195
2722
3257
9655
4132
11809
1730
10219
7569
11915
11055
1196
7709
7244
955
9458
6349
2955
5330
11720
4136
543
3635
10940
8453
430
186
9239
6250
7182
5867
6020
6982
10111
7317
3372
9903
8442
2580
9461
900
3262
307
3701
11244
11854
5485
1381
11031
9293
4616
293
4706
6292
9015
10362
5788
5324
3157
631
2420
8120
4298
8852
8851
743
4901
703
7433
1380
8548
9146
12132
11247
122
3508
505
9924
4961
2791
8735
1502
4220
11813
11686
2257
1716
9338
11034
7259
2116
11228
8839
1192
1655
6286
3863
10656
7901
2965
1281
208
8780
10503
7158
3293
5087
8354
369
306
11408
11790
5704
5377
10352
589
4074
11732
6131
5050
11509
9346
8267
901
10109
8465
1082
4592
11239
1048
8585
8968
9017
2112
3982
6542
12125
8130
4702
1865
961
4565
1159
8035
1471
488
10358
8032
9900
12109
2701
9435
6036
11619
4697
8614
10269
11815
6435
10745
11101
8968
5977
10177
9985
8220
9956
11615
6993
2086
11119
13
1374
8757
51
4626
1336
7529
8043
288
1272
4415
7433
3370
9197
9165
1109
8428
3366
1103
11457
1550
3535
1396
8700
3726
3222
10408
7281
9486
7412
6728
10170
1094
1071
468
9378
2094
2117
809
3838
2807
9359
5639
1093
4633
10021
7292
7305
10293
1119
1977
1002
10416
3960
4042
9450
11574
2083
6052
4676
11384
9514
12
1661
6686
4585
8648
10705
3654
758
10838
6170
5431
9005
2335
6796
8537
10261
3475
4768
8668
2920
9004
10249
9427
2024
11519
2602
4068
2638
9916
7611
4217
78
8023
8420
4038
2146
5814
11484
707
5133
3697
10661
4255
9678
8135
6926
9332
12196
4882
1791
2985
9871
12026
4819
2681
145
8485
6998
2975
2673
9000
9518
3211
9742
639
8791
9413
127
2239
3028
8244
7600
57
9280
1951
2879
1946
209
4538
9654
90
5010
6684
8168
7468
5240
11021
10000
3052
6061
3254
8282
3159
1954
3647
3202
4159
4697
5192
6656
4640
5389
10970
1927
2554
11751
1932
7647
10408
8425
7954
4603
2622
7724
9254
5587
8457
7753
7216
5512
9198
5842
4949
11190
4685
9462
1453
10354
12078
220
12203
6232
8944
1304
7223
5412
6313
3293
10297
5089
3004
6646
10246
9239
12084
5803
9767
9958
6486
4109
8970
9453
10503
9293
9402
3020
10382
6738
4326
1369
9734
6818
6329
4262
4570
11055
7561
8584
6380
6394
11827
3132
6353
5939
10871
8794
1849
1990
285
8489
7131
11567
10292
8864
2400
11878
4388
3326
134
12266
7721
10494
6882
3416
12098
5635
4328
168
8474
4998
3257
8076
658
1704
6157
9971
9530
1496
3840
9644
8124
490
8309
165
4542
9812
3926
10006
2999
10289
7633
10633
6167
10141
3107
10665
3216
5489
9376
10972
10178
3043
9503
5355
3702
8368
2802
7857
7327
8414
12078
3733
9909
8177
9988
4464
5278
2729
1357
10004
9093
12232
9830
9684
643
1241
7650
9615
9626
1618
11490
2528
6284
5916
10738
4277
8029
1489
12155
6413
7256
8484
8075
10206
5063
7937
5597
4682
2897
7601
2328
9956
10786
6901
5425
9871
9171
12000
2334
6648
1154
3743
6623
8137
7875
3712
8543
4095
11990
3935
7640
6045
11267
7805
3520
10022
7087
6565
8826
10817
758
5424
9441
5990
8852
10136
11347
2168
6852
1882
8896
8029
1674
8966
5761
7537
11968
11630
5196
5362
9264
1955
10863
9753
3912
10091
10697
11514
9536
3576
2204
2231
7658
9432
3852
4627
271
6887
8430
1466
1336
1507
9870
1573
3418
6550
11382
2766
10058
4960
11218
10188
11938
9679
7676
11414
5721
11846
5894
8249
1088
4570
9570
7212
3268
10560
1621
3965
4195
6913
9721
10300
2212
7149
9989
1981
10973
7586
5101
619
1357
4948
10506
150
11783
7207
1905
4063
5673
7035
11174
1802
8131
3876
6685
4279
7950
64
2568
10924
296
3097
6737
11790
11386
589
7773
10323
9132
9296
114
7698
3453
5637
11837
7834
1203
6694
8572
7988
8637
8613
9399
7014
3548
663
2470
7057
11634
3405
5321
1576
7098
2512
4959
3100
7836
6719
9796
9303
4081
4581
10637
10657
4683
2185
8786
6915
5010
10988
8727
9098
2566
5811
2727
9348
9414
5559
4852
6290
11785
6979
8983
6554
159
1226
1500
10362
1096
8679
10960
6582
2758
10110
3974
4894
7934
6106
2547
7452
11962
8820
5669
8276
9069
225
5613
5525
5617
11558
9260
29
8195
1992
9893
1518
6814
9293
10103
10338
10621
6974
9854
4612
