7743
1690
5894
9784
8361
9452
10122
283
1314
9042
11100
1115
8341
5386
1919
9661
12157
1428
10068
9988
1312
11955
290
3118
8170
4485
3517
1055
1421
10108
2158
1308
1296
10174
10980
9925
6790
7126
5805
11582
7190
2784
3190
3614
2915
1374
9546
1328
7258
7927
11096
1756
60
10406
11382
3381
7221
10671
8204
4697
2666
12122
2443
7459
1987
7455
12106
2229
9136
8110
10340
9020
3598
12010
2476
7252
10074
3308
2428
1322
3030
10991
1995
177
6708
10966
468
4556
489
8280
1192
4804
1439
11365
4819
1355
8388
5981
12167
5889
1249
8547
9142
7519
10883
9139
7943
11909
6342
8585
5445
10598
9479
6642
9175
5958
12075
8417
5676
9908
6140
8513
2955
8240
892
8460
4007
7215
5278
8845
3968
4319
9010
11687
7907
3710
8865
1323
1392
9124
9561
6808
998
1046
7358
4102
8524
7713
3928
2441
783
7207
11343
2027
8990
5324
9523
9425
48
9861
7169
7727
5855
22
6631
8681
10811
10917
1753
7137
10076
578
8258
2195
6554
1131
4247
730
2812
5854
4214
9454
5472
11710
6986
11261
7767
8881
1281
1995
1786
11496
6942
879
6644
3591
3662
6183
5305
7398
9120
4581
6918
8921
5529
5354
2006
9008
2469
1711
11320
3439
752
5713
9923
9568
2565
9743
9087
6358
12031
1696
11617
3930
522
11887
6821
11538
5521
3439
825
2033
1202
2249
3112
128
6416
11504
469
6658
8840
4739
9237
180
955
4320
1970
4609
12010
319
58
6024
8440
5108
8488
2025
5356
8262
10591
226
11289
1853
420
9765
117
2087
6851
6955
6503
1297
11609
8164
6766
3526
3719
3135
10793
3918
3053
6099
8399
1831
3506
662
1861
4164
5122
4132
11126
5636
8069
10337
3238
2804
11814
3513
2418
7416
5166
1829
4497
11326
1636
9269
5550
568
3266
10206
3154
5512
12109
2717
1355
11940
10170
1720
6627
8547
6479
5537
11562
3330
9329
11192
9827
2472
8130
5061
10041
9259
2953
8152
7864
6625
3537
5068
11892
12184
11504
9827
5709
3244
11750
7992
2651
5578
6995
4759
1427
3438
10986
5995
9850
1511
12018
2584
12074
3715
12235
11664
6198
7695
1864
9611
1325
5504
5295
2367
1563
9615
11443
10315
8862
3633
4544
3237
3156
6674
259
1774
9659
4654
6136
1395
9251
12024
5809
8868
9327
4891
5537
5650
10384
9056
4860
11957
4475
4652
3015
10756
124
7446
9658
9169
3771
3333
8522
8269
4818
3300
12223
2651
10618
6813
9767
1940
4791
10743
7169
11588
1810
8825
9431
9771
11684
9597
2929
7559
9296
7775
10384
3263
4289
6720
3261
6083
9124
5521
8500
2820
9488
11356
10733
3970
7517
2505
8587
1777
4196
6566
1976
4408
9109
3380
972
308
2314
2160
3746
627
9808
6235
9369
5681
11373
7051
3183
5862
2053
7091
3771
4873
5585
3019
5702
727
4874
11534
8646
735
11774
9114
10941
4232
1266
10933
10075
5380
7737
5346
7162
1538
447
1050
2881
11039
6931
9687
4924
3906
11407
9662
465
11639
7862
5898
2990
5815
2840
1825
4551
4463
2742
7416
8830
2441
7643
12283
8817
2268
6303
11343
2854
4327
4751
5167
7744
216
9224
3498
11117
95
7593
4637
4512
4605
5296
9553
11449
2197
860
2239
4450
6664
8208
1005
385
8202
2320
7374
4055
3757
2491
9009
3409
11003
5898
3070
3486
286
4591
1517
4753
5412
3729
9199
10612
2410
1206
3127
5222
3765
7016
2313
10162
7969
1535
7979
3836
9038
10604
11509
7589
1260
4798
9565
12247
1818
2458
6753
10804
167
8520
1519
6213
6506
9771
5418
2403
2874
3429
11501
10445
5786
8714
9610
4860
11757
3595
9102
3653
11430
9061
4553
9016
11479
361
3539
7444
5497
610
10887
2713
2184
8374
10257
3806
5185
11302
11743
4947
5949
7012
11252
2761
5692
68
3179
536
6273
6122
6655
8056
4523
12137
5478
9132
4038
5135
10832
8607
11060
204
2103
8600
5826
10619
11966
5582
1293
11432
8967
4709
7789
1545
6980
6458
1222
5511
6057
9873
3952
103
5045
11595
5366
6514
11656
7270
7696
7461
3827
849
6190
1183
8947
7089
1378
11284
8022
5042
898
9
12247
4547
6633
10997
10420
2270
3335
3255
7107
12093
6373
9281
9249
11722
7410
12165
6705
10082
791
4908
9424
10587
8706
8383
2845
5639
1808
11973
9462
1660
6681
1143
2942
9181
6443
12001
4018
6881
9593
11932
11020
1437
4270
6507
6002
1091
10910
4131
8136
1020
12245
10977
11702
4569
4340
4671
4746
10824
4549
5133
10182
9178
10293
566
3141
1510
11402
3591
11188
4807
4495
3929
5996
4945
5946
6383
10588
10052
3678
1426
1896
5283
6282
888
9139
7676
2313
7093
6254
8541
4034
2894
9230
11502
8765
10674
8757
4434
3416
8819
4437
11416
2848
9356
2912
9463
11091
5373
4498
8324
5353
1512
2184
2526
8210
5247
9471
11791
5356
9421
10232
7876
1502
5558
2
3720
9136
9832
6036
7140
11467
10718
1055
3768
2125
12189
8738
9233
2125
8247
8344
9854
10416
3568
1154
3898
1712
7179
7077
5809
8079
9263
10008
11765
10672
9562
5321
11621
8357
7160
5933
12269
4256
218
9297
11209
10037
1487
1669
5303
3368
2691
1984
4010
5221
2847
11213
9721
5848
1792
9306
4294
11251
37
3658
7112
6563
11571
7918
10015
3984
1256
9565
1244
1102
7587
776
561
5805
5926
2025
1195
3763
5255
721
8238
9269
35
3314
5548
10386
9876
4444
1868
11067
4881
734
11979
4031
4492
5445
5981
3526
7628
10698
4744
7955
4654
1363
3105
6944
2145
2719
3800
6419
7893
10353
10040
8090
9352
10437
9524
9495
11218
7860
2006
3861
2577
6393
7116
4761
685
10671
2682
6796
7999
11764
11687
2416
3599
12099
468
7466
2126
9961
4337
2229
363
10047
6833
1090
8094
545
9026
11003
10542
3022
1819
4578
5218
10534
2595
9384
11244
7384
3685
8579
10332
3782
2358
3955
7889
4927
4752
2815
8575
11920
12148
4435
1124
11379
7199
5680
8862
6382
1098
4872
5783
9986
11884
3005
12012
1292
4637
7496
948
7744
5078
5262
8815
9616
7889
10376
7537
7105
6206
10112
4628
373
10838
3512
9246
9236
4342
3187
4264
3006
1579
8880
648
2862
717
1363
1438
5332
5260
11712
6674
1429
5554
10417
9632
11026
3141
7286
2239
1105
11129
1021
2910
4388
2849
4449
8606
5482
1053
2667
10856
1691
11037
2491
9388
11841
3471
11676
7352
7186
4118
1075
7798
5590
1376
8399
11147
8910
2950
2829
7608
7759
1328
10521
1036
2973
27
665
8899
7244
7169
8725
2077
7850
5952
7738
3003
4900
8326
3002
3847
7726
10891
10728
7214
6570
7970
7699
11994
4554
4412
11999
9153
12080
10022
7908
6416
6320
8835
6656
2941
10973
6937
1261
4663
8477
5246
8626
357
3342
9087
9439
8708
2863
4840
7102
3644
704
8625
1626
2960
9543
3730
9601
9766
2942
7961
2982
10297
3486
4510
10563
5818
3358
8110
6813
6260
4811
9345
8591
7462
9550
10523
9687
4066
3288
6347
5128
2750
6089
4514
11790
9436
10211
6867
10565
1177
201
10180
10541
11278
1060
141
7496
11682
2687
10440
9053
6249
7408
11891
4934
4347
7989
11129
3595
11752
1140
12044
5090
2388
3354
3667
2083
3947
113
2262
7000
8063
6744
7469
2856
197
4863
8742
495
5951
1733
7835
2934
7035
12177
11132
4337
7807
8378
6759
8809
4620
11571
2611
3840
470
3972
8449
6173
1749
5908
2126
5548
2721
6795
4926
9016
3589
8
3468
9196
11168
3445
4138
3368
1651
7025
2066
8242
5105
7047
11222
4146
2954
1353
1088
10622
9858
3739
6828
4520
10868
7655
5400
8292
9873
1339
6446
9165
2011
5178
9340
7686
8787
3462
9738
378
633
5101
4256
5882
7625
3834
10781
929
3009
3366
8640
9410
5990
7247
3334
9588
4075
9788
2689
4080
9820
7789
1813
8563
4659
7456
10063
8635
7236
9278
8807
109
4467
9919
12165
2832
2185
6539
160
2317
7269
498
8742
5327
6934
3037
10184
10044
5731
3068
12270
10220
5098
2944
3684
9500
4519
12009
11068
128
3225
9785
7419
5688
1850
1022
5727
6551
2704
278
5843
11357
4037
6800
8952
4530
2175
2497
9521
4390
3446
1741
5238
10112
5835
166
9134
704
11418
2422
11396
2669
8741
11494
5685
2947
8502
8352
10005
12286
8544
11926
4901
10529
3845
2200
7920
4116
6729
11699
1425
8977
7850
12204
5881
7333
7628
10517
4025
4878
3128
10379
7727
2704
9911
1740
9890
1597
2350
7734
11691
5920
8555
7471
2936
6583
8802
1199
8707
7473
9167
8046
4959
8092
11086
8933
8667
1194
3682
6279
534
9443
3006
6463
3774
467
1546
8593
7176
79
4197
11160
6807
10634
8427
272
4982
7248
9800
8220
7117
3199
2448
4138
3099
3938
7353
11471
575
5849
222
193
6511
10886
4977
724
7114
1385
9328
10924
8405
4465
12270
11133
5205
6482
5006
6999
1214
12214
9692
6612
6708
10199
9078
8721
11969
411
11743
144
5778
1
666
3896
12086
8094
7185
10542
2128
1721
8258
8627
6401
11176
4697
9611
11272
11482
5779
8917
6998
5684
4072
4018
11931
9637
7983
4564
11702
517
7743
4589
8900
3546
9826
5652
1941
6975
5342
5901
9752
11715
6110
7235
8572
8617
1320
1844
1335
6342
5128
145
10419
2037
11918
3858
9208
8744
2748
3291
10917
8008
11155
6486
10995
8602
3430
8903
3375
4881
2466
10311
82
8665
61
4314
2797
4867
11707
7594
8803
4478
8481
7556
9683
6332
5044
9723
9557
9359
9566
7572
8546
9282
9222
4482
6898
9560
9187
5548
1226
4827
8536
9547
3738
10377
