3657
2327
8643
1088
5044
8329
6285
3741
11795
5817
7471
12049
7978
9211
1201
4670
10636
4242
5117
9270
5684
4507
4496
1673
12066
2671
6010
905
7733
8956
10925
8559
7460
4406
3631
3394
7056
10508
10007
4893
3901
10608
5311
4502
3221
5253
8410
3266
11811
596
4873
2911
9120
6355
3152
4810
254
3708
5195
1317
7104
3779
1637
4946
217
2217
7680
10740
5896
8140
1360
8562
7041
9092
9341
780
11551
9249
11224
1520
9368
12288
10923
733
8941
4524
2577
9826
1252
7857
4835
7333
8651
11757
961
7994
2422
1540
2368
1310
93
9662
3220
4282
11241
6691
1109
633
5090
2783
10835
3522
6188
8854
8215
9883
8055
2611
8898
4020
8515
3092
4128
10840
4585
5404
3378
10288
8465
6578
3715
2180
10262
5338
426
343
1893
9535
7097
116
608
11958
2713
9871
5451
5971
9379
8541
4645
3145
783
11536
11795
3414
2007
1091
186
11736
10541
4131
5778
4905
8602
2892
2534
4554
12201
7081
5864
5182
7106
8565
7611
10874
11636
2061
5888
1002
6836
4062
9067
5825
8379
9474
10799
3870
10318
9635
1217
4733
8609
4977
6768
6347
4359
7611
105
8081
123
6915
8074
10562
10883
2440
9422
9224
7157
8692
4583
3151
5837
10512
6258
6095
4114
5245
6538
2922
1751
11189
2855
2186
5136
7386
6314
5713
11290
9364
9315
11895
6677
2314
7024
8510
6597
3062
613
5085
688
971
8551
7414
10310
7149
4270
7950
187
9080
8779
9440
10264
8016
1527
694
5904
4446
10728
4275
1869
11859
5641
9577
7249
10684
9841
2438
9702
12192
11903
9073
8626
3196
2671
2253
11907
5760
4442
211
4559
6740
5718
798
2680
11473
9941
7251
1988
8557
8271
6913
2653
1087
7970
193
7045
11981
4220
3595
148
4262
2452
1437
9837
1495
4978
9348
10804
10466
8420
10107
656
7994
10437
8709
4402
2742
8007
11615
5517
7955
684
4897
8547
6754
5031
1268
4199
5841
1806
11725
109
2718
7956
8657
6648
5577
7500
5340
7764
10098
10814
5973
11246
4768
4611
3959
1698
9324
1031
5631
1360
2332
5258
9632
8049
5166
7975
1865
4581
4866
10595
5508
3497
1883
916
9692
6876
11163
8025
9238
6336
5105
8099
1402
11321
9598
2573
5401
4373
8394
8074
11989
6329
173
2286
2041
5862
6327
11359
793
7962
5856
1371
11692
3010
1416
4932
10850
5753
7666
3065
1019
1579
4054
11007
5615
993
5753
5650
3371
9716
9868
7782
3653
2847
11479
266
1559
7260
1289
10613
2978
4355
10141
7032
9405
5906
6515
6374
11543
4837
5969
2615
7109
3554
3851
10977
3416
526
4192
4736
1374
284
7014
1494
10159
2627
10437
2147
1158
12161
9173
5745
4446
5507
7223
1089
6548
2711
9274
1340
2164
2285
265
4409
6016
1533
968
8196
5020
7641
9418
4047
7183
7294
6577
10974
632
9458
5058
4235
9883
6746
5307
11378
2337
4640
9813
10896
5618
4920
6335
9678
1377
6418
4308
8016
6849
2056
2657
7436
2716
9145
6592
3989
10185
11757
8790
9951
6740
1103
4069
2617
883
1516
9113
5110
6193
9189
6129
7943
3993
6290
11620
1013
1547
12285
11203
2513
5162
6176
8684
10473
9157
3245
7913
9128
8619
3544
7265
5832
2445
832
11271
4469
2218
751
2184
5947
10234
997
8239
3441
4708
5391
8576
3974
738
10877
9641
1387
7711
5685
4588
1965
6030
4577
10371
399
5067
5842
2432
3211
7037
9614
6670
3360
11539
10798
11253
7146
11550
230
10735
521
5292
5599
7109
11789
3204
8667
1678
1285
8677
1922
9822
11955
9582
3350
4376
1059
10542
11996
5522
4222
9010
1873
9246
4544
7302
1761
1994
3838
6419
3405
4476
2393
4632
3424
5850
5596
347
937
11451
11606
3371
4332
856
7219
10978
1737
2740
2045
4846
5420
9822
2435
765
10188
7525
3788
12082
9962
7086
3718
3323
2312
5464
2961
3718
506
9015
10383
3325
5188
8402
9157
5393
5377
6545
3249
2359
7650
12262
8530
10448
7566
1559
3124
11291
3275
9643
7306
5601
1258
10557
4624
7248
4035
11802
4398
8356
8823
1662
3292
674
6840
6500
1735
7963
607
2712
11328
10823
1421
8944
6403
7642
8660
5322
5217
222
11509
3870
8562
9570
5505
4943
4783
6796
11652
8380
1463
9734
10652
184
6278
6683
3272
3084
9402
9093
11359
5886
2942
3043
5656
1777
1649
8
10602
2615
9284
3996
6512
3470
7471
4264
11449
9042
6527
10131
5316
11665
3760
9931
5868
2069
7550
719
2216
9345
6607
1810
2702
9364
11119
5588
7754
7525
4523
9029
192
7681
12253
12023
4676
349
4617
12011
3218
6983
2398
5027
8617
8936
9791
2491
2994
2805
10068
324
9400
2586
932
5172
4994
4621
10318
12058
6785
5721
11038
155
2889
4414
7423
639
3039
7328
821
8409
1296
11473
5796
10322
1247
9654
7449
4272
6233
7693
3941
11400
10762
5375
4066
6607
7688
11709
2411
11699
10875
7959
11297
9073
8181
8963
6944
9586
10100
6090
4100
7405
3270
9383
1064
258
8394
6124
6699
5043
2704
397
5449
11199
5531
1142
11259
9468
3276
6086
4794
12000
5231
5536
10455
7406
10748
10514
1651
11321
4860
7194
11390
4045
739
9682
11717
1641
2907
2330
10729
2915
7285
10260
6190
1592
10212
7677
3865
3672
12093
10507
3826
9788
9943
6703
10130
157
7969
1031
5817
4495
2986
11981
4052
9971
6610
159
1610
7708
6833
1429
3737
1195
560
10607
9117
6081
6683
1824
8829
1697
8122
1023
658
4432
1388
2857
11831
3058
4249
6653
4756
4936
9554
9374
6080
4691
12127
2120
8775
6785
880
5736
4092
4436
5143
2546
704
4173
8871
10982
10155
11270
8850
3891
1223
9053
2339
2638
5903
2292
1779
1353
12067
12092
12154
4497
2353
7627
7047
11726
6996
9782
2773
9242
3614
5322
3522
5172
1911
11643
580
9633
1713
3618
11174
245
10915
2646
712
214
4920
8169
5784
4067
11525
6812
5957
568
5500
6132
4865
7097
2935
6649
4161
2672
2103
652
103
9253
4774
9305
8931
11168
4476
1298
2312
2096
3701
12084
5319
4178
7839
8411
2307
6067
3143
10516
1769
1348
2714
530
1285
3230
1544
6018
237
7427
8195
8673
5259
7387
2427
10205
5502
6865
10973
6218
6210
11850
3851
204
11683
1798
11112
1396
6312
4543
9607
6400
6142
8803
4174
8891
3624
3299
1863
3108
8131
4983
3372
2233
9187
10531
5282
4463
11868
11086
7230
5671
4439
4221
793
10067
48
330
5279
6726
5886
829
7470
990
5257
8025
9277
11877
3367
1453
10193
2735
9621
8323
11537
10275
5960
4180
9996
5130
9084
8890
11769
4188
9377
10346
1119
11010
3679
12282
8059
4827
1212
1538
6727
8109
4081
6995
11958
4295
3065
12126
6637
2515
1585
7901
2042
3121
10169
6907
10442
3641
5349
3976
3838
10478
7523
3543
1978
4480
1616
4404
10228
4179
1804
5618
3144
3627
4050
9492
1159
3543
8916
151
6544
8873
4379
9090
9433
3046
6997
9672
4761
11123
8555
7232
1753
6207
8535
9729
4390
6864
10448
1846
11123
11343
246
7487
1318
1460
11491
806
1634
2454
11558
4934
3308
2578
2255
9483
6874
9218
8109
5510
511
9963
5143
6640
8340
10869
5503
738
9956
6300
6682
4381
6657
8882
6498
7449
8833
11066
11267
11988
10569
6656
1668
10984
5453
8376
8578
2651
5287
6452
11353
3077
4910
9413
10739
6108
5675
10067
11283
4896
3624
920
11793
2172
5759
6927
9217
4520
987
788
6820
4173
4702
3359
9459
3113
4790
3076
5817
5734
7149
2836
5098
2585
8536
2031
1885
4019
6209
6329
1655
5829
11126
2684
353
2651
11952
5205
10533
9770
3574
4870
6870
7920
6305
2186
9233
10796
4721
270
9029
1676
10403
4233
10464
2663
2564
3057
8327
4465
3016
2290
9211
1030
5235
2134
8509
9961
7258
1866
186
2062
2869
4862
8951
180
3150
1292
6094
5512
8
11376
707
2263
11643
7417
8403
4354
7961
925
4876
10290
6377
10235
2166
413
7378
11903
4208
2813
4816
9469
9614
4097
11724
6153
6247
4467
3933
5257
3592
1513
11110
5742
9667
1514
4796
851
8794
4169
9370
1430
8134
10845
8734
2320
5178
4036
7676
515
12268
5726
11162
11242
10775
12130
11785
10415
3845
9953
10696
3188
5001
303
8928
6138
543
506
9758
459
5961
173
6709
6476
10513
3633
2847
870
6344
588
10522
6311
7796
12100
5745
6559
623
1562
4741
9050
6386
4467
11947
6256
5695
7935
4622
10381
11495
7717
9081
9235
1369
1231
1767
4356
8479
11433
6530
2697
333
8173
7222
5163
7915
6722
3677
111
7766
7621
9150
1057
11198
10294
11495
7516
1488
4037
12180
8695
8014
813
1158
2673
1529
1799
3364
10522
7059
7856
11663
9465
9893
602
10901
12250
1503
7940
4322
4674
4592
1233
7769
11264
7280
3684
7693
8553
7797
8685
6856
10275
152
354
9498
10108
11850
1969
9660
6056
2462
11094
11396
5952
5584
9245
1726
10934
1480
3332
3557
10343
1103
8489
7682
6491
11762
12122
5554
5300
5614
4597
6177
5854
3190
3051
9675
2634
11132
8467
34
5287
63
8075
2699
4859
10409
12083
6882
11199
585
170
4665
3461
6287
5434
6622
6701
7424
6586
6741
2084
234
10554
11637
5748
8545
1706
4311
12135
8085
867
3757
7169
7352
3763
10770
9504
1582
944
9475
11742
10755
11165
11363
3521
887
4790
5283
7516
10353
8443
11727
2131
1985
2036
5648
2181
2383
11457
2358
6710
7644
2883
9711
646
1091
2894
1984
3925
4362
6641
9690
5766
10897
9103
11917
9112
2264
10682
6973
3546
2805
2265
