4229
9603
2732
2226
6251
9911
11885
10252
1645
7648
438
4284
5041
969
9569
2063
1229
6705
8822
334
12088
12172
495
2126
11753
763
11651
8450
3817
9042
4635
998
37
6240
5862
4468
7770
9095
11614
1345
6330
7821
8304
3355
7586
11671
12282
8688
1324
3645
5340
9085
1170
1238
1218
1934
5578
10964
9599
8349
4734
9478
7358
5438
1640
3322
9938
11384
6243
5184
9301
7507
6828
10872
9732
12086
464
11266
2728
11021
13
8572
8240
9950
2760
5353
2761
6282
2267
6263
1245
5502
10581
5472
5597
2654
5898
4285
7883
7882
11231
711
9273
8221
8168
4362
8715
7640
1315
219
11131
11371
1825
7930
9565
589
70
2630
2283
224
5919
8203
11577
4563
5643
1552
10215
12194
11174
2723
1882
3457
1763
2709
9599
8537
5381
8933
2108
4801
2816
6498
7959
2459
7957
11113
5439
4838
10843
4028
11105
8845
8178
5492
6977
10003
5740
8541
3074
8776
9404
11844
5559
4677
9291
11471
9959
7394
2334
244
2331
7465
6864
12170
5651
10977
7848
61
7845
9028
3195
2389
2879
2328
11492
9961
3221
2587
5955
133
9064
5933
2829
1770
9408
4572
7435
6057
4765
10353
9180
8504
11618
3068
2233
1075
3304
11975
8645
9484
809
11465
6653
3664
5451
9633
7773
5347
3884
9368
5045
5942
10119
12098
11113
3567
4592
7959
3024
5075
8004
4791
3988
9870
8919
8306
4584
2122
5532
12055
1149
1988
3715
7453
8965
11648
3073
6728
10633
10255
5330
1498
8486
5853
6151
5283
10980
11445
10476
3964
1041
7587
11100
6267
1131
538
6064
9905
10113
11443
10572
11072
6091
10731
1023
8773
9044
9604
1395
793
3342
10436
3471
1980
3584
6951
576
9965
3876
7166
8974
9275
2287
10497
5409
2398
9147
11402
4239
3975
343
3760
6432
12147
7499
3393
4143
4432
9665
5308
4749
8392
8638
346
3996
9857
7453
1024
395
3065
7986
11435
5163
6807
11187
11422
4262
6079
576
4823
1547
1170
3212
5257
9919
4479
2690
10643
1264
2217
10036
390
10368
3714
3460
2223
5373
4036
10675
3478
2492
3209
2095
707
2276
3634
8697
5310
10416
4186
12243
9263
8651
12037
8189
8268
10116
1683
3810
6800
3270
7376
1859
11642
1706
7640
9903
10629
5351
9889
682
8702
5870
2912
5667
8226
8862
10224
8962
9275
5756
4001
2923
932
11360
5823
10780
2952
1905
6826
7685
10513
10734
8219
6931
8482
1085
2804
9772
11565
10098
10375
6263
2838
702
9347
11284
5114
4662
5886
7952
7006
2882
3684
12047
10035
10505
2935
4495
10362
2697
1065
11818
1702
1727
11409
4497
3495
495
10498
11970
2694
6591
847
1132
2581
4388
7667
4493
1746
2201
2449
8814
3913
46
4761
3101
1484
10990
1809
11140
1581
2968
9242
2818
7645
10300
9310
7637
9656
2425
1826
12244
10480
529
11005
167
5194
7950
4689
2420
5721
9731
6102
40
9700
7356
4164
4457
4020
1316
6243
10819
7160
8122
4948
1332
3348
11562
5997
12269
5351
11337
5232
7663
5049
4866
1852
3646
644
2242
4372
9524
9011
3888
8130
7804
1121
11971
6107
2683
7522
7716
10030
9994
7738
9983
2457
10941
8138
4181
1681
10210
11418
6589
3502
4375
11844
6261
513
850
6831
1832
8778
10235
7688
3029
3322
746
1598
7681
2582
10090
6328
8705
9371
4038
9317
213
2722
6564
12145
5061
5453
10825
3508
2555
10287
705
4700
2062
933
9802
7989
3744
4073
3101
3663
3109
8358
1301
10851
6872
4402
1783
397
5012
9374
6305
7222
11640
3692
244
3989
7795
1465
10552
3558
3821
4898
5304
308
4240
7988
6032
8279
6817
3429
3360
10016
7909
7473
10601
7313
9018
8663
4747
6097
3600
9597
11243
5892
4069
1683
572
97
9720
8073
4132
204
3970
700
1613
5366
6003
3418
8287
4603
8218
1632
9807
7004
10015
7310
819
4452
7718
6292
7423
5689
6323
4194
9733
5356
10808
4141
6293
10194
4476
3458
2399
6331
4250
4355
10569
10663
10005
95
10863
1240
465
4570
558
4918
2701
4486
4233
8962
11704
3122
3854
9430
7745
11216
6795
10690
215
603
8061
11356
6568
7900
1005
10716
6776
11258
10812
6799
9280
8467
7344
11541
3415
4956
6566
6270
7563
4592
11774
12195
7344
6910
10649
6644
3078
10179
6102
3630
367
168
5422
7477
6598
4037
5408
1728
7701
2431
1609
8523
9929
7109
10694
602
7631
8034
2744
12233
11485
700
5700
8052
10708
5407
7351
3105
2217
5277
10331
551
10109
7200
5146
10394
4580
10430
8499
5258
5214
11810
8850
10077
3147
7114
955
11244
9601
6804
3455
9136
11482
637
5830
10555
5394
3589
6750
6062
6260
11084
5753
3120
7814
1066
6108
4463
1226
12274
7264
5423
4600
9091
11603
6222
32
12015
3259
12122
5117
9995
9326
758
27
1563
10930
372
2790
9607
8532
2330
4190
4102
10604
459
9035
4967
2583
8012
9640
3263
6750
7597
5044
9703
11589
5216
11424
5061
10593
6493
7570
10734
6808
8581
5924
5187
5462
9993
2171
3202
12276
3593
203
6440
7229
5772
7225
4129
5077
7411
2941
8907
11740
2132
6866
5841
9913
11125
2898
11555
1662
2805
11965
11597
6735
6999
334
9630
2565
8463
8843
11106
6699
10947
2075
5743
3477
9338
5914
5802
9103
4162
1816
3204
7931
6563
9295
3235
6286
7238
7541
1858
3580
1348
7462
3720
4506
12064
3310
10728
4268
5581
1098
6628
9080
11751
259
10277
12285
10344
216
11649
7325
9348
11663
7131
10601
3100
8709
9708
1604
10175
10412
10373
11112
10943
4380
6250
830
2983
4145
11740
7413
5097
11137
1182
11479
5152
2947
8707
10954
5361
1355
6234
9770
5623
11489
1884
6379
4387
7218
574
331
1316
8848
11222
8168
6378
11785
5651
743
8558
11338
3332
3576
7221
11133
1997
8003
4959
12119
7696
11824
555
4733
5742
7031
8790
7038
12108
3145
6334
1139
9317
4747
11898
1098
2578
2974
2130
11511
4675
167
3586
1492
9809
1108
4561
11785
508
7206
905
772
3954
350
10137
6709
8853
10968
10915
7127
5348
11704
7143
8375
8206
6024
1801
6318
4363
11657
413
9417
10545
3274
8290
10533
9226
2658
3905
10028
2564
5161
1196
2112
8774
7610
9003
11339
7409
6157
2348
5467
4985
348
662
4115
7546
10930
8707
7965
4639
2350
11633
6042
2697
7991
185
7740
12251
6679
2045
9081
360
5398
4280
574
24
11787
7357
11677
8061
531
9423
5700
3555
1937
8171
10413
2700
220
8317
6027
11392
9685
5087
11915
5953
11781
5275
11975
2813
10102
3643
10489
4150
3580
2845
1415
1158
9236
5087
2860
6780
10921
6313
12253
619
2176
11231
8305
2194
10248
763
11399
9243
9790
6897
3477
8088
647
11877
10364
2234
8167
3161
1941
11220
12007
124
10404
9868
2736
8331
9220
2059
10185
484
3770
10149
4034
4761
7231
10737
7255
2872
685
2486
5671
7273
9731
2013
2404
3778
4525
2111
4221
1446
10612
7006
8911
3670
8424
10253
11995
2752
9592
7253
2287
352
2930
1145
512
889
8825
3438
6941
5347
3611
8210
8874
9946
9428
4102
7081
2172
2435
10387
11483
8689
5587
8892
4622
7329
7342
3448
5971
10256
2076
4270
10181
3764
7182
7525
10031
4556
7060
9302
3940
4190
1364
8038
4262
2171
1938
2880
9581
482
5953
4908
10207
2727
3385
4064
4462
2678
4103
11596
10620
8024
7707
1437
12165
3801
6207
6682
4603
7538
9183
10080
3594
12236
7694
11901
9261
138
12124
11661
10090
11443
12165
4287
2386
5366
6102
7715
934
551
6813
9543
6447
4431
8096
4089
2577
3700
11774
4168
9810
10496
9295
11150
3433
305
4548
4676
6230
10560
4047
9093
1280
2240
3852
8820
3152
2630
8135
9313
7891
2154
7101
10007
181
11405
12100
202
12138
12153
10489
2372
12082
2481
11059
2266
6637
2727
407
6770
5197
3589
9292
5193
6068
8708
482
10567
7640
2401
2892
8667
9703
2822
448
7713
1095
7655
3601
665
5887
15
5250
349
2507
9950
3300
1172
2017
11358
4451
12241
2254
4642
7432
10602
9433
9091
4069
2474
12265
6753
1445
4716
312
4377
1851
282
2586
4623
6091
3953
2192
8398
88
9128
6265
9934
2898
9450
11301
7276
3015
9611
667
6570
935
4121
11016
2712
373
2038
10301
1844
6756
5895
5303
2346
3389
6630
3958
1676
11998
11658
11608
4009
878
11612
4814
2540
9435
5572
10519
1774
12071
9568
2477
818
6779
10046
7297
9508
10558
9732
4380
7669
1764
773
3580
5751
4141
8428
6755
10258
10377
9960
3683
12247
6132
5860
10079
8284
8453
6623
2880
8367
4890
9645
8315
5834
11938
9756
8400
4281
3914
163
11498
8950
1095
974
10331
10628
10322
11601
1737
10120
5041
10462
4908
1743
2700
11072
3341
4972
6967
752
1594
8230
7191
4107
3246
59
6579
4249
3733
9991
7586
5141
8169
9338
6188
11770
10598
10044
11750
4399
7813
5864
7856
1317
656
7287
1849
3200
870
1227
5605
6179
5901
11696
1004
11627
5690
219
12137
8402
4573
10721
2218
483
2921
10984
8302
6310
10618
4975
6505
10603
7757
7052
8640
871
4368
4457
9452
1836
4239
173
2947
9641
3788
11142
8671
1580
5020
8184
273
3671
3508
11089
317
8066
2551
6120
8371
12203
10339
7587
10204
5977
120
7984
96
714
2151
730
11089
9090
4345
8139
5075
4166
10778
5668
6646
3931
10840
6054
9058
10058
1370
7816
6043
8436
2831
8426
101
1181
599
326
1896
9109
493
1589
204
3264
1827
370
2704
653
7225
7220
3119
5991
4033
11952
9269
1377
6364
284
3941
7609
