1552
3674
5550
6228
9796
952
10018
2348
5255
3232
2455
3743
7141
7461
8584
5470
1952
8656
2669
8771
5541
4979
3131
7642
4154
8354
1984
8939
5365
6323
10108
4131
2194
1043
11138
256
9267
7112
12062
7313
3662
5999
3888
3130
9839
4253
5953
6676
20
7831
3707
9627
1197
10839
7092
7782
1710
3126
8339
529
9319
5393
4741
4301
1120
10583
11366
853
6743
2301
10198
5569
5667
4203
11243
2230
10653
478
6979
2090
3869
2497
8260
12028
5454
7758
12131
4704
2034
10890
10810
5095
4840
8696
7394
5995
10954
3821
5485
2334
9886
5656
8672
5968
9272
6195
3826
6218
6449
7764
8130
11349
11240
10353
2214
2910
2427
1471
2821
2062
4654
9141
469
2449
9899
884
3943
12039
1105
9129
4989
11782
7401
11766
11817
6830
11497
1488
12132
6050
5080
2109
2303
5951
9592
7707
6070
1718
3097
852
6099
8713
1842
8157
1057
3627
4885
1744
12052
7719
189
7544
3025
2774
10761
5564
5106
5084
8624
321
3171
6741
2731
6792
6936
8483
10137
12144
3955
6815
624
7052
9572
3947
6886
3773
1387
880
7693
9005
9916
4563
2067
6203
6259
2348
1331
6602
7041
12289
9484
60
11070
9366
409
2923
5704
11867
6755
5157
3000
10263
8541
12095
1840
6179
1207
6904
2631
8221
2736
4762
6159
9381
2289
10249
8458
7439
2204
9007
641
2904
9624
8815
846
6788
3546
1787
709
6930
11665
210
891
1082
11805
2865
4038
8180
11607
8674
11633
6785
1072
2955
11792
6680
1174
212
12199
8799
9459
7493
9786
6071
5764
269
7919
4224
11105
4991
10740
5700
3434
1590
831
6104
3842
8320
7632
9170
8062
4336
9845
6164
7010
7198
9027
3478
10142
9725
3282
449
1960
3149
7183
6188
9732
6203
9809
2878
924
9896
7508
4082
9340
8824
2018
5600
1496
3112
10522
1036
4719
5434
1824
4753
7644
6526
9316
6074
9425
11500
11025
8905
5706
6263
9775
8564
2076
2766
5481
7062
2651
6481
7505
9533
5964
7815
3722
7717
7446
5331
533
7909
1776
12074
3632
6559
9079
8768
10402
11438
4977
10374
3710
6359
8872
11376
672
6676
9980
3296
5848
6226
3571
2745
1275
9275
79
1828
6297
808
11058
10060
8033
1131
9099
8598
3311
5579
5765
1031
11491
8895
9048
11722
7339
11958
6818
10088
10511
3577
5468
11848
1093
8054
7502
811
8552
9903
2543
3066
3731
3286
3109
11029
11707
7911
7408
9228
11708
7362
7632
11942
8237
5744
11635
11887
8485
10689
8439
4121
9072
8323
11929
376
105
3315
3002
1203
5951
11991
672
3924
9714
8012
6317
3367
8272
11188
9521
10823
1276
6558
1765
753
11187
2277
11912
9513
5138
6741
1498
2273
11445
5571
984
7869
7637
3109
1369
6762
870
7161
3268
866
2369
3465
5848
341
4930
902
10954
8411
7621
2721
12104
1892
1304
1134
8557
1644
7929
1148
10173
9978
5314
4294
7360
8964
2402
10122
4014
1679
10786
7745
4097
11721
877
3801
6331
5894
4850
4486
9617
5309
7293
12169
6300
6628
4439
2179
4752
5738
12172
11660
8773
6190
5142
11204
3043
10583
691
7737
5815
11476
10493
4392
4735
10801
2825
6267
5261
1793
7698
10794
68
7944
8701
7518
6915
861
4407
5639
3977
7674
11704
3728
5774
11206
5105
2515
9687
8170
800
11479
4373
5362
6354
8482
8684
7420
1863
4004
4349
2457
6473
9724
2918
768
8781
1260
5615
879
5862
2842
2117
10635
10362
5754
1185
6667
5709
4140
8306
11776
2384
6066
11580
9091
4232
1738
8876
5661
3818
386
758
5168
2162
2918
12233
2941
7241
1542
11321
4159
660
11845
9456
6343
9875
6399
3119
8467
1999
9186
2141
2527
4161
11940
8489
3439
9948
1784
2032
7688
2517
4790
8139
6871
1048
11837
5306
6931
998
10421
749
12161
3169
9265
2775
11684
6669
8814
7010
2920
9065
12147
7629
6214
1266
11386
6136
1729
6683
3999
12269
3270
229
2897
11907
2763
3405
2938
2276
7583
11227
2480
4455
8281
6477
11214
8789
4736
827
3192
3622
1915
9794
9106
3174
11268
9386
2663
9118
9250
2918
3199
9337
8286
3998
11097
4231
6290
4174
4113
7584
2247
2270
2
887
944
12051
6005
1230
7187
5573
9468
2552
42
146
663
9243
4187
2598
3877
19
10737
1838
11252
4396
2127
9494
8902
12093
2184
4176
3850
903
8080
632
11233
11271
996
5356
9650
11232
10347
3900
7058
9907
1191
12141
5953
5250
9808
6833
7220
638
6928
3327
3534
4658
6556
7038
5682
6873
8785
6189
10502
414
2223
2874
10163
1022
9418
6105
11672
9880
10735
8078
548
1512
8911
522
1785
3244
6037
5587
774
5221
7100
10591
1107
10793
2898
10168
8862
3085
4134
11713
8015
9045
3301
130
7074
11099
6470
1459
782
1283
12084
2868
763
11700
11198
9205
449
9859
1603
7404
2248
5078
492
5717
2316
2599
7509
5178
7122
5800
10731
4420
5155
11455
6767
12064
5534
1970
12266
2960
3272
10140
11030
334
10409
9138
8094
1972
2306
1571
6950
3352
4160
5610
10032
5160
10274
3045
8789
8098
11644
2738
5546
5934
8918
3947
3584
3957
11410
8
9081
9807
3841
7864
6338
2114
9173
10911
6387
11105
2654
3091
422
1928
9253
11969
11438
2124
1517
3824
7039
11365
5339
7554
2482
5852
3808
7155
4560
11681
2953
9035
2170
6284
1128
9177
8339
7111
6672
9826
3172
5439
10160
4375
4309
7469
11248
7860
9739
5503
5198
3483
11004
10042
4154
5533
7542
9975
4987
6534
7211
5347
11083
5167
6249
8857
5250
9292
1913
11225
5931
2799
10508
7427
3165
9985
11163
11674
8269
11708
2348
613
7801
7437
5026
3123
4766
10896
10564
3822
3969
5778
3845
8209
12268
10174
8711
3540
6685
5863
11752
8790
4683
10125
2822
9431
81
7652
11511
1030
6258
3776
5506
4093
4485
10733
6399
2589
1157
818
12243
11658
3667
6130
5517
1007
11220
7627
9367
5119
9195
10003
6872
9401
3977
8208
4431
11849
2073
313
6333
1910
5005
5307
9468
7105
1050
9838
3628
11057
7172
5410
2730
827
9866
8451
5188
6691
6331
5184
1834
2562
11568
3720
701
4893
5150
8427
9340
9792
445
452
12137
6098
5317
9985
8485
10629
9459
10271
7742
7788
516
2326
7225
1001
4574
2951
3073
10071
1281
2540
11455
1466
5067
8878
11113
4146
9940
10503
2128
339
5675
7774
7583
2816
6805
8170
1438
3054
9429
3243
4261
4035
3931
9255
2576
9728
3533
5521
3336
3687
1401
3752
2016
9266
6120
3849
8940
1084
5294
6740
672
10307
3984
5035
10992
4553
1502
7926
11146
5842
523
3428
2114
11431
2985
10552
12023
1892
4896
5702
9566
8043
8935
8285
6539
8713
9510
7764
4531
10737
9985
7368
5116
5007
8715
5251
6736
2786
7892
3006
8917
7850
4734
272
1810
4523
7541
3394
9514
187
4270
9613
6890
8433
7190
6257
5905
5282
3509
7140
7789
6172
10587
11102
11377
8087
9932
4719
10378
3352
8296
10481
8347
581
5217
11260
2055
6493
60
6737
4520
4028
7892
5093
4005
8827
183
2172
12115
3799
7500
245
11503
966
10758
6790
5982
496
525
7977
3989
9431
1313
9937
9055
3186
9145
6285
211
10113
3687
2638
6842
11164
4613
3009
5773
11323
11907
10527
8907
8391
6031
3663
3077
10373
3338
11820
4676
3579
4244
1863
5722
4265
241
3486
2188
3525
9584
4580
1386
656
1242
11926
9448
6083
287
749
782
8088
8731
7483
9146
10772
2170
384
5522
3439
8934
8038
9282
5016
3313
7387
11056
1190
9138
1547
9862
4458
6130
6685
711
807
9091
3544
1329
6883
3169
8476
6377
3167
3413
8966
11966
7408
10494
9971
7989
1920
11402
9462
12271
1145
2574
629
10009
6639
8255
6875
491
280
10055
705
7718
3217
324
4586
5792
2582
1809
5407
724
7722
6964
6887
7147
10340
3281
2905
2491
7714
12287
11252
6454
11759
9501
3157
4977
8889
5281
196
7144
995
9176
10256
565
11554
3391
4402
624
8995
4783
9497
3418
1051
832
1996
1990
6995
7884
8776
5474
4736
11047
6111
6639
12223
8709
7797
3100
5201
6162
7765
1158
9059
9193
3037
8881
7478
3187
4903
7757
2837
5877
5824
2081
2011
7909
2128
12100
5664
7852
11705
3125
2090
12020
9705
4863
8467
3011
10370
799
6354
7558
11107
623
10635
4642
4902
6495
11783
7746
6138
4296
6827
4451
7415
6984
5016
7367
5759
950
12135
7805
485
8634
2681
9682
10781
11106
9100
507
11887
4732
5788
8015
4303
6704
3813
11858
4635
551
3194
3392
11583
2674
3080
3972
7937
7907
10279
1448
4195
7099
4196
10456
8128
7897
8381
3912
2938
6790
10833
2004
2048
8086
11091
1351
2376
5494
12165
2632
8377
5795
9739
8126
3847
3605
1982
8923
7124
1170
11206
5538
5293
2530
1405
805
510
6795
8233
6889
3079
1823
5990
9130
4097
851
607
11114
7884
6090
7521
11139
10011
12089
11219
12188
6552
4786
3774
4312
1048
7144
9462
4429
10771
10527
6703
3560
6508
6377
3122
7425
10865
11460
2167
9278
9848
4578
7956
7223
8394
3011
8656
6779
9849
7614
5379
5458
6492
12119
9661
10797
6298
5813
791
7625
4607
5105
6742
3371
11462
908
7600
1003
5715
106
11127
6222
178
4258
9280
3378
8482
10850
4900
8352
11154
1849
4412
4206
1047
6078
10777
6661
10684
1968
12255
562
5478
3310
3972
10146
8259
5323
4469
9820
7132
7647
4987
9122
4381
9668
3911
10536
1481
4247
5279
6366
2271
5462
4688
2100
10392
8354
648
6336
12053
8226
6218
5615
885
3375
8725
6937
