3951
636
8841
7521
8283
9441
7950
479
5725
7435
7540
9491
7915
7018
7592
7282
1358
12144
11166
10527
3348
11452
4366
4628
1613
7286
11300
4489
9985
11441
6229
6972
12005
3964
3110
12002
276
267
2112
1713
4251
8803
252
10699
11194
1435
1938
5893
10968
1141
5841
5502
1746
7874
4795
9731
10275
1335
12264
8603
1018
10690
2698
3640
8241
7268
11636
1410
902
811
6569
1331
3113
3134
3846
7481
7419
3934
11502
8813
2255
12001
8589
6324
7555
9359
7552
5908
3702
9565
10775
4243
1929
2705
3030
4012
2672
1731
5183
9747
7071
1000
9368
4169
11084
12245
4994
987
6277
9284
1005
6473
6565
3474
10804
251
6057
5744
10353
8011
4154
9496
2343
7385
8936
10286
6996
6518
7169
9451
11216
6233
1616
11049
5644
386
4292
1721
10190
5378
6901
9514
4422
7637
9029
293
9746
1340
11297
3487
3626
9336
225
8008
5130
14
5478
1865
6386
6657
3138
8021
7950
4604
5128
3415
5448
2768
6221
5614
1749
6690
12025
9219
8406
6457
3710
7278
3189
12016
114
1650
7235
11969
6314
6246
7591
2936
2516
1715
2092
2407
6030
3649
291
7822
5241
6618
2210
10030
10974
1528
5592
3045
3406
6324
1912
3934
533
2886
11256
2710
8456
11766
5179
9232
4021
780
2289
540
7752
2979
7299
254
9763
8979
10630
11807
2272
5083
839
6248
2239
8852
419
9071
2664
2633
1442
11364
10835
6368
5462
8468
3223
9896
5571
3160
11908
7010
9096
3764
5496
4004
4847
12279
1969
4363
11751
4351
2869
12163
8444
11041
8944
3503
4423
4085
7792
5513
9252
1742
10800
9607
8070
3675
2597
5160
2160
7691
11065
6886
5744
9637
4100
4379
8130
1210
9536
12140
2816
4288
5545
10415
4646
166
6894
2482
4532
6153
7835
9318
8552
12106
7489
7277
1534
4410
1988
4608
6304
8928
7889
6697
3173
9254
5216
10573
3139
10244
11341
9124
7518
4828
7312
3249
65
2577
5712
4841
10725
11244
5786
8226
991
9050
4367
5509
4002
3006
3500
5291
7634
6803
5142
3435
863
1226
11694
11967
5062
2660
295
6650
527
3163
9138
2545
1600
7838
11849
11433
7040
3017
5292
5085
46
9957
9333
1299
4708
2634
5068
8383
10631
10221
9158
10902
5188
7557
6565
10147
8137
7253
2841
965
4676
201
5811
4358
7217
900
4818
4540
11341
2195
11773
6458
6646
7180
773
5372
3876
2480
6390
3495
6921
9256
7141
7610
8938
1410
10864
11616
4910
2350
2480
9484
8400
568
3558
2246
11778
9117
2675
530
2436
1211
6495
10384
1208
11932
4884
8634
1627
11010
10697
11346
4796
10351
1973
1704
8031
9507
7632
6602
10100
10602
8479
7339
10397
1051
3878
6126
2709
6825
2545
8441
2100
5313
7079
8969
954
11829
11512
8474
10684
9367
10394
8253
6298
9498
11142
7584
8985
3701
1420
7808
6480
4017
3126
11782
11462
7984
2533
8690
3823
3266
2537
10474
7957
10767
487
145
10366
2475
3680
3393
6256
11513
11462
10732
1648
2621
5371
8989
12254
1659
11934
9383
1882
5561
29
12168
74
2002
7157
10882
4803
8117
2292
4949
4785
7949
4493
11164
11050
3542
4833
7654
5912
654
1581
10900
8785
10348
2688
5755
9061
10822
8997
5799
2395
1994
993
1744
8832
2324
11241
5190
6267
10866
12057
2745
8296
8974
7423
7918
5996
11222
5320
6279
5568
7876
4331
5352
9241
9415
10294
4860
10004
12009
3066
3413
3013
6408
2100
3685
9834
7321
11053
6303
9488
5262
10475
1794
4283
3451
4581
4103
5806
8722
4925
9649
10625
4226
1665
4438
3288
6178
3095
35
7671
6443
4610
5962
220
6428
10192
3034
4115
4929
11898
5310
1629
333
8961
4575
9272
8101
6091
10038
6965
9583
3412
10152
5072
12137
12071
8342
9864
5811
8917
2241
8374
151
10388
113
8456
7535
1956
6978
2072
1614
5516
3162
7180
1879
5242
1224
2114
10300
9481
12132
2643
10465
7159
6280
2118
4121
1603
5331
101
1259
10892
4528
10837
922
7209
6118
8424
11466
3049
6441
9686
3493
8578
9944
5968
695
6791
11444
8449
7222
2745
3666
4364
1513
11116
10640
11596
8982
1778
260
7482
11412
4837
4319
6950
4235
3157
2005
2297
11060
11856
8543
1583
6989
10854
6799
693
11221
1406
8594
5620
1905
9528
11285
276
4790
10614
9473
10087
8256
7514
10506
5334
8354
9874
3005
5355
2392
7570
83
10211
2649
11289
11512
726
483
9346
12159
10437
11579
443
6553
3950
10654
9517
6391
1436
2746
11130
11118
10396
4899
1127
808
9777
9185
1009
3565
7672
6454
571
7804
9358
114
7594
4501
2563
2116
3470
4479
3212
12238
7355
8282
10425
6269
8365
9341
5613
469
901
7987
9164
3950
8681
8062
9497
10177
13
6635
11041
2695
10141
11904
10208
5829
7149
9992
8273
2872
8733
6754
7134
11803
11434
6291
5288
5946
8940
6646
10857
11986
1656
1071
7565
11710
9642
8423
3417
9852
6862
1660
9083
3088
1873
1109
11496
9941
6456
5162
9193
2159
745
3268
5574
9157
11324
9960
9637
1173
10051
12023
7935
3694
8873
11864
9151
7149
3534
990
11283
3357
3256
5247
6500
4631
6135
1901
5611
9838
752
1806
1125
10989
11331
3172
8567
9921
658
7399
9337
7284
4717
8735
5858
4564
10783
1254
399
6196
10163
3115
5411
11288
3890
3915
6535
1361
5940
7198
177
8713
2621
11580
481
987
2276
3466
12030
10845
7740
6678
11271
1312
3792
1475
6621
507
5591
925
8480
3932
11985
8003
9608
10074
3344
12067
4011
10130
8058
2448
11032
1262
8007
2391
12033
2311
7022
1266
2134
5769
5416
11092
11297
11582
9222
5795
10561
10666
7636
3617
11860
12119
7564
7078
762
3517
1721
10534
6302
1765
5797
1493
7129
6760
4495
7971
7435
9125
3227
9310
11701
1046
2275
3202
4603
10687
2002
3834
2266
2653
3958
1727
1629
10467
2036
6059
10113
3798
6803
739
7088
7025
11958
7900
455
11184
2501
8487
6094
990
9397
1079
9726
10446
10279
12249
9365
55
11488
10588
3622
8557
9463
1392
7157
5996
9932
4063
6528
3067
6218
8815
10552
805
1901
895
8808
2083
11566
2221
4939
898
10243
10485
9088
1996
2163
3750
5420
6022
10842
10191
8983
7804
2424
3942
4882
4224
9835
7182
1465
5822
8383
3070
2084
12188
10212
4029
6796
6425
1792
1224
9904
3309
2879
1850
11051
5751
5903
8537
9871
6884
11370
7988
9648
4758
5764
2624
3102
8598
2485
3936
573
5029
4908
7923
9993
4153
6888
739
8810
3252
11762
585
7535
4122
5265
164
7038
1912
4405
11555
7429
3609
8917
9695
3869
1965
7093
11864
16
5230
8236
5983
11141
8983
9320
8049
950
1060
2969
10179
1297
7707
7358
5991
2543
7734
8334
3012
1855
8954
4035
10482
7649
9606
10362
3945
8648
11109
9467
4535
6021
8495
2632
11305
6268
9526
11609
4092
11288
8403
11078
8279
7910
6342
7331
1967
4879
1630
7954
2783
3088
12091
8059
10893
6073
9411
4112
2105
70
4727
4059
4082
4189
11714
8040
10198
5416
4239
10045
9865
569
3326
11800
2979
2726
6465
6868
10337
7433
294
10842
8170
12029
7733
4112
8458
5047
556
8178
11316
7182
7667
2339
6841
2986
1088
5475
10480
133
3080
9521
711
6221
10197
6278
4260
3005
788
1998
5585
11310
20
2127
1520
6636
3333
11670
4024
6715
11911
5026
11401
6890
10629
12112
7869
4169
5838
3515
5266
9962
3117
1623
7779
8161
7500
9380
8764
8858
9256
2615
2714
11431
10318
11515
6558
5359
12054
3532
10095
626
1034
5608
8959
7211
4305
4431
6240
11629
11915
3957
2280
807
12184
3384
8744
11384
11104
556
9272
2797
5145
7930
1682
10322
6274
12000
5957
1596
7402
8615
11901
1579
2362
7255
8353
425
11265
11320
11348
1867
8347
10667
3826
10810
3102
1233
11218
4344
3572
5945
1304
4347
12183
4247
6190
2104
359
1796
7032
7522
11384
11490
7102
172
10096
10627
11678
1342
2267
3729
10449
7008
5138
10441
4178
4998
1531
7666
9018
2923
5656
11777
5914
11477
5688
2920
2892
6081
8115
5549
8029
8721
1506
11970
12114
786
3003
10559
8847
2188
5135
8904
10447
6077
12221
11882
9743
443
6541
9296
10755
1198
10380
8604
4592
6100
9723
11628
5978
11603
3581
4052
4335
2140
12137
8447
7910
10403
10578
10720
13
3814
8098
2553
9899
3488
8790
9128
1605
1300
2926
5151
3355
11445
6569
4567
7408
11780
5663
5724
2413
7106
12042
9074
7184
8074
4940
10102
1575
8047
3984
9370
9298
7276
6347
10447
2842
9863
10423
9585
7566
377
7903
8743
4546
11922
2930
8564
9893
8682
927
9775
3592
7987
7265
247
9106
2949
3127
3397
8081
5909
10338
1581
9229
1278
1648
7947
11400
10874
2738
9748
460
2506
10512
6635
3499
2828
11028
9432
578
2641
4507
1803
3468
8692
4793
7411
3789
6523
8649
292
8974
5164
2163
7486
363
4495
9165
87
1824
3371
4017
9479
7827
8528
9982
1958
5631
10141
11271
8108
1473
10729
11760
10777
6995
503
8723
1725
10006
11121
4005
1068
10088
11381
7665
10802
7895
945
5584
9146
741
9864
2296
1767
7759
9557
3109
4644
1377
5740
383
341
7295
7785
7568
6851
4300
11222
11300
6856
1700
2143
6607
11072
12146
6536
3594
399
152
10692
5417
12031
4498
9120
2480
3972
10636
1361
610
10081
431
768
902
4985
3515
6872
2702
7412
559
649
3687
11749
2484
11556
1540
10891
8083
7762
11722
3791
9327
9914
12093
2888
4999
5575
7537
1899
8282
2855
1824
3937
9839
2729
3297
9174
5002
6887
12044
