5503
4310
2102
1460
5790
10393
5679
2827
10980
10667
9995
945
2767
2190
3887
463
3310
8511
1546
7009
8889
4142
7497
12270
5767
3351
995
1139
3061
5475
4048
11103
1910
5007
1959
12258
9543
7379
1885
9026
7913
2513
4140
1540
8744
5688
7891
280
10988
8972
9548
2840
2943
6424
11887
5224
11985
4461
8314
9132
10337
3794
7439
7941
9361
5562
10713
2263
7645
3112
4478
6900
8780
7337
2800
9711
5783
4412
6192
10903
6124
2209
4560
6063
720
4828
7394
10612
5736
8166
9296
9338
6769
11401
10424
10007
1337
5552
10668
12081
4668
6656
5751
10137
8067
6151
8820
7205
437
4759
9135
5533
5516
1538
729
3161
8484
7215
885
10073
8808
6348
2812
9834
6546
11170
10939
6268
8274
6291
3916
5726
9017
10526
5172
7216
3500
3209
10033
11428
11981
11623
6725
1299
6332
8000
3527
3058
2105
4339
9725
5760
2067
3876
6187
3641
10363
3609
6149
2087
3327
3276
10975
7378
3600
8979
10554
7852
2556
5935
4920
1142
2467
3722
3053
2651
1558
7133
7144
6542
738
8702
4518
3627
911
10019
8978
3816
10209
10720
12008
6970
8097
9852
6550
10170
6572
931
9251
10030
8169
1588
4373
122
3815
9247
7616
3512
7288
8043
1967
684
4708
11572
7019
3122
5228
7684
4920
8761
10488
7741
1169
9635
12052
6939
6799
6957
4476
1801
1480
9152
11863
5378
1265
3570
6210
4420
2151
6005
10211
6578
6353
9550
2739
472
9609
11340
11226
3395
8440
10549
6568
6959
4350
6670
3143
4575
11661
861
39
7367
5941
4823
2419
3772
53
8309
6608
10504
7703
7442
1945
11197
8901
9779
6439
1191
9792
4572
6838
11222
3300
3512
11110
11577
4868
4688
7389
9576
6098
4737
7505
1275
11829
6354
4337
8685
2052
9031
8759
6925
3771
3899
4540
3812
3552
10010
3484
7720
4537
9964
319
12131
4997
1718
571
4810
166
4029
8477
8335
6254
1444
729
9512
9840
11141
7788
7607
3917
6017
8437
2418
8496
6294
10331
1035
7724
10723
10946
10622
8167
2423
6918
3220
4495
7785
8484
8446
3175
1809
5272
4735
4237
9522
5721
1632
2272
2225
9540
2440
599
9243
8863
7830
1321
6943
9412
3127
11005
3442
3837
6154
6375
11352
5968
7211
8499
847
41
11178
7339
3859
11889
398
12015
12159
340
2157
5439
4477
10286
4099
145
10249
6986
7269
2909
4794
3316
8438
7607
5766
9499
2235
6339
4878
2260
4549
8357
8772
6207
11269
858
8094
1826
9082
4596
11257
11997
6367
8561
5151
2315
906
2541
4526
9497
11587
7159
11634
5556
269
11341
6733
4725
2424
779
9250
11494
238
9307
3776
9397
7355
8998
590
8102
4563
3246
7792
5376
8399
1865
107
3529
4021
9737
8422
8448
3442
1824
6701
2491
9340
764
543
3953
8594
11228
10400
9807
3706
4317
6422
1235
9700
7784
5151
11683
1137
7102
9132
417
6379
9137
7560
9897
7149
10359
8600
4501
1824
8863
10220
7777
2825
7133
3025
5504
4337
6498
7107
2699
2009
7258
1539
5945
3722
6321
7740
4781
5617
12246
1373
3641
4783
9945
7032
5335
3243
5476
3397
10308
10351
9254
7934
9568
6166
8737
6921
6842
404
4194
8853
2756
1410
5473
6051
3623
6660
6802
7633
4970
9418
8247
6052
4726
4107
11372
1092
9455
10915
9096
8164
11796
991
61
7415
1715
1410
7431
11880
8680
7809
3425
6850
923
5628
6496
980
8681
4292
8875
9250
4217
2031
7907
786
12238
681
2908
9402
6492
1281
6667
9517
3872
905
10038
10460
1512
3021
2154
4612
2423
9606
5450
9096
3039
2976
2623
7985
3642
10121
880
5984
7359
9377
1701
11328
2728
1488
3628
9519
11102
7102
1144
7752
2291
1188
4624
11367
5444
5551
7589
4638
7921
2924
10912
5359
1934
9172
9372
10572
11137
12274
11625
4511
4731
6373
8741
10428
237
6082
3956
1737
582
7438
3380
9397
3328
1572
9326
2175
7139
9550
2347
7018
1221
8094
3506
4197
879
12111
9775
3402
11664
2110
2612
10391
11838
11177
10513
6685
12200
11859
3473
9801
9965
10423
5546
9885
11863
627
7282
4712
8164
6637
3305
7790
6009
6550
11656
3236
132
6566
9220
4237
4044
2949
2059
4776
797
3441
7156
4168
1117
6841
839
11884
10649
492
8218
5782
9547
9733
2114
3753
2721
11600
7292
4869
7318
401
9510
12204
10777
11085
5987
1336
6552
1079
3278
10
10232
9570
4626
7541
6964
1061
10289
5243
5693
4072
10783
5585
10155
1030
4763
6280
3499
5385
5145
10581
8000
9593
3677
7398
1423
5788
10546
4328
1593
4933
3174
11786
5185
2947
10641
2664
4982
1101
3734
1734
10599
2030
3723
7043
1297
4152
3915
1576
11694
10885
7043
523
11766
12196
8921
5903
9058
9936
11171
9769
8951
6085
11667
6611
8432
9787
11141
3635
8144
5663
4050
12252
9004
7894
403
8194
1729
7138
4285
2013
4255
8580
454
6543
3153
6865
7837
2718
6028
8427
8858
8622
3843
1086
2167
924
4307
3903
9527
279
9883
11362
7546
11463
606
4621
700
5333
3372
9766
806
1679
11918
8364
4960
6504
6272
6536
4928
12275
7203
8831
10457
3752
6143
10982
3129
1390
8616
8144
3239
7873
9953
9559
7383
286
3749
7821
11265
4248
4397
7884
7982
6081
2318
8293
11764
11535
5428
5597
11263
2807
11045
8475
5927
4314
2686
9368
6461
9841
11798
7630
7592
7659
12102
6638
5180
8716
12115
10987
6451
271
11652
11214
12124
5705
9074
11929
6233
8086
5229
3256
7294
2772
9878
6989
9358
8924
936
8697
7600
6512
5010
4304
10969
8242
9821
11774
9561
8934
3112
9966
10682
7562
8641
8143
11174
6178
2784
8643
2694
4596
6171
5353
4584
7486
7499
2090
2222
1744
3682
10204
10669
1156
10358
7434
3936
1519
1063
12132
8843
1127
9927
2424
5633
4656
5778
9340
6359
7138
2402
8126
4218
11624
2854
6013
9482
7465
644
6256
8095
5956
7296
4978
5574
8090
215
3070
3206
4967
5316
5510
9286
230
10592
6293
11275
5060
4506
7767
10727
9607
7012
5020
5925
879
3053
6793
7355
644
2380
1714
4954
7136
7085
2729
11370
1362
2997
2922
9832
6048
6381
7536
6591
2441
2615
3598
11518
11339
8538
6387
7323
4974
406
11684
381
4740
12161
2118
2466
10396
11334
6143
12155
1180
463
3195
8262
11492
10670
48
1761
960
1093
3978
11390
11426
1388
3831
398
1400
7251
9426
413
1898
9007
6885
7137
240
11740
6512
10301
8562
10429
11259
1391
5554
10640
2755
5787
9372
3322
9525
8619
9416
12005
836
5056
5896
9440
10258
11982
5111
4554
8552
9711
2488
10521
1689
11447
8215
6499
5717
744
1590
2733
5326
8993
9995
11254
4429
10010
4928
2833
10522
991
5430
3413
8128
6862
5380
9286
4929
10435
5209
1079
573
4209
3554
9739
6345
10544
3747
6026
8530
6455
1507
8933
10982
7432
3304
5046
1895
903
9851
2182
9756
11051
12217
6767
1871
11175
9734
489
8982
9425
5418
2304
10452
651
9944
3030
6137
10682
11774
2488
2429
9444
12131
2849
1581
9396
3509
1683
2805
6525
1676
7113
9551
8399
11052
5343
1863
236
8258
12089
158
2189
1869
5826
8082
10368
4523
8624
7052
810
4775
8113
5033
11297
7693
241
6484
5255
9815
4516
878
11396
6819
5661
8662
9394
3358
1658
6196
10215
7577
1244
9746
10980
12152
8512
1300
10415
7924
4403
9255
4825
7080
3152
2425
3756
3404
2372
8561
3960
3942
4574
5621
7341
11426
2999
8236
2581
6963
7264
3551
10375
3078
10919
8862
1816
10172
7155
6532
11669
10435
11116
6951
147
8717
7501
3609
7690
3064
11860
2832
2262
2228
9522
8949
10205
3350
5612
9671
12242
5387
9173
5939
2741
9976
9244
9621
8218
10617
1841
8844
705
9031
12025
6777
5084
8671
2964
9618
1103
4911
6640
11942
12066
10536
543
8451
2398
3175
7152
8681
9818
357
759
1197
6992
8596
2358
12079
9061
3088
10823
6533
2337
11443
1696
11014
6273
8529
2554
4802
1704
6314
4874
147
3974
6488
1484
7904
6183
1283
11696
8366
10817
6873
11660
2379
8655
10215
7478
2925
5987
9165
6035
10005
11247
2039
11941
7039
1266
3119
4496
5211
3280
129
2831
547
3209
6000
10732
4403
11764
5286
11044
9103
1404
3312
1468
9198
10607
2859
6528
8709
4468
5847
9538
636
2160
451
7455
4105
2982
4247
2977
5901
8127
7377
277
10339
4172
1647
10326
8358
11626
1179
6209
11047
9787
9435
7566
6001
4885
5447
9700
6307
1546
11999
1384
3713
11089
5916
2793
3393
768
1526
8879
10240
3457
11875
4391
164
9912
4378
470
4703
589
11383
5614
11489
4079
11177
3185
3607
1493
5131
5445
3878
4711
11689
3957
2434
1154
4280
4035
4906
8324
10864
1306
4065
4488
7146
1470
4669
1745
4277
2436
3108
4046
5312
2313
10263
4636
11682
10490
5612
224
5490
4389
9825
5771
988
3081
6453
12016
8015
10098
1624
2301
3916
3742
324
13
2005
3006
486
7314
3411
6590
12000
5143
3031
4996
1083
3625
3859
301
9177
999
994
10916
2377
7048
2599
6907
10906
9601
74
6706
8355
2954
7754
8259
7589
6929
1617
10942
7190
6531
8008
4948
111
2238
10939
6024
5208
6533
14
282
1806
981
540
11250
4115
3527
6972
8881
11002
3303
1480
10896
6347
1243
6686
5019
4425
12138
7271
8476
2399
734
1464
10463
6825
10844
559
3382
5882
5118
1218
6592
10131
4254
10662
2983
5462
11673
9969
5272
1285
2904
6170
5159
10461
10263
9637
2
4347
3503
8160
3701
5776
8947
8912
10059
8377
3323
6692
