8983
9249
5294
486
3198
10732
9183
11064
2106
5492
4388
8706
4988
159
2071
9648
9052
10186
7237
5513
466
10843
10935
12083
3446
3894
10017
345
9952
10112
1469
1659
8923
1228
5871
2867
2847
2454
7355
985
6277
10437
3977
4763
8698
10094
9110
2549
1972
10064
4526
11077
11372
7614
8458
4747
6919
7924
9610
1642
6761
10810
6360
3459
8410
7402
8479
3028
2341
1822
2390
5668
5260
2141
4863
11351
1289
702
9327
2249
9891
77
4456
749
11980
885
2054
11071
5459
5507
7959
12008
1356
10023
7124
938
5665
9017
6782
1380
10029
6036
11949
5036
10053
11038
3790
9027
3675
970
3210
9774
4756
10060
5975
5123
1560
4168
7521
4078
1171
2992
7890
1785
3377
7824
9406
2335
10301
3108
2230
9261
5548
6783
5926
11002
1853
3925
487
9524
2946
3477
1633
10825
5676
350
3758
4271
1084
2338
8290
6307
7519
3252
10951
10961
8405
10207
61
9806
10794
5516
8108
11834
6641
11625
1129
2729
3705
11736
3700
3118
4181
380
10679
6836
11344
4254
5386
8141
167
5783
1921
11527
8672
8112
7900
8024
8443
7149
12099
1012
3009
9549
4121
4333
2149
5882
4155
8943
2406
5816
2553
4461
8241
8851
10344
7754
5332
1603
11143
5628
6873
7468
165
3442
7456
1735
2863
7790
7413
2797
9289
11187
10998
9302
2164
5251
1689
4997
8357
5441
4844
5492
4061
2430
3839
1727
7603
11299
7058
3496
11121
6394
9161
6743
5400
8394
10996
7869
728
4026
9829
9103
6513
10733
11486
3638
4824
12054
11740
8843
2710
7394
1536
9788
6684
688
12203
6293
12061
4533
2148
6769
3714
676
11716
11726
6543
11278
3074
6523
10788
8223
10720
11894
1436
5161
8138
8239
5465
4102
3472
4135
3856
5155
3705
6703
3236
2300
5900
10336
5586
7563
11095
11995
8054
6519
3716
1925
9177
6172
6626
6667
12257
12096
1858
2817
10266
1628
11778
11787
11362
7778
9180
6084
4072
1714
11729
3144
324
4968
10909
3405
9816
5284
4051
8144
4915
5632
3315
9364
3797
944
2395
2138
5385
4261
12029
10843
11841
1121
5738
7114
8806
3623
5184
11168
5901
5711
9994
8542
10270
1085
1121
2330
732
10909
8561
1420
4256
6113
5849
6049
4600
7374
12008
7931
8377
6997
3988
10348
10565
565
9244
9575
3741
12146
11425
3087
2616
6376
7821
983
2976
11016
8953
10353
11993
368
10261
6309
1503
3701
4958
2962
7932
9733
11566
4586
11971
10027
10366
7790
9096
1215
845
1547
7114
8593
9806
5506
2936
1595
11291
11722
632
3453
6105
1588
7864
7420
12059
6893
7334
9179
3389
537
12259
9949
12133
604
10595
588
7154
10993
5840
526
7348
4121
547
3244
6912
1196
10675
11884
11295
11691
2192
7157
288
8297
9879
9043
11762
11394
11982
7569
10243
7991
1418
12129
1486
9382
3185
9845
6477
4048
10272
8540
8845
677
2903
11579
4145
4649
5018
8463
10256
1430
3545
7688
8979
5157
5565
7924
3383
7212
3347
7917
8409
1407
6263
1496
5391
6023
11621
6380
2014
10080
4997
1225
11518
1947
4060
9025
7165
6152
9460
3656
2391
1858
5841
11589
2043
2020
3411
6272
5953
10751
10603
5845
8986
11203
8796
11298
1716
2150
10936
4434
3088
6570
9351
2426
6336
5049
9465
4147
7387
3939
3730
1383
1331
8818
1178
4933
8116
1193
5672
3626
1150
6229
8072
1820
4941
8608
11122
6926
4184
5398
1252
10171
1974
3081
3109
12049
7781
5538
11723
11710
7748
5976
8942
7468
2377
8130
11897
4505
207
10719
6624
5097
6649
11909
7823
10235
6450
7631
243
1531
6119
10369
10047
7012
4461
3840
9036
371
8987
3932
11424
198
4905
8410
10332
5004
8677
6338
9005
5290
6398
12085
4535
4040
537
7947
5101
11038
10934
10182
84
1728
685
3322
7074
8190
748
10606
9752
11336
10936
7357
7631
11856
8677
11530
8008
3281
1150
6047
9948
9299
9840
4635
9703
8069
12099
5059
9279
7115
10374
6849
9260
10736
10943
8182
1116
7579
10206
7096
9229
875
7758
9984
3349
12007
10252
12234
9519
5836
786
3965
11828
2157
7269
2849
10672
10609
6005
4487
5008
10068
7049
7321
12265
1479
7278
5421
7882
9590
4384
1735
11029
6033
3366
2722
11768
3867
7876
5334
3590
4624
7378
6054
2106
12110
8328
10457
4652
5360
1756
1987
7028
10259
2136
5037
5384
6861
8235
2877
5347
6027
9269
6010
7150
2439
10893
6201
5354
6478
11809
5655
7425
77
527
1326
6663
1356
7635
3662
7956
5343
1859
8893
1912
9479
231
11388
11498
6914
2672
2555
6186
9733
7570
7482
7214
7826
10678
299
5749
2943
5125
3141
7802
8748
129
6364
7229
6575
5774
8351
9346
10731
1645
8849
8841
1526
2572
6259
5784
9317
6575
9276
4021
2233
2938
3430
4572
2776
5336
3755
5089
5923
10240
9545
8793
1670
9578
8096
2777
2393
4141
5810
3797
11780
6435
6102
7208
8176
5304
2778
738
6760
9887
6977
4978
3056
6268
10988
11120
1072
4061
12068
5862
8757
8355
752
2312
7107
37
7795
8036
19
10945
7257
1128
2709
8625
173
6921
880
7157
9800
5865
1166
6760
2648
10043
532
12212
11853
9127
5313
8281
3548
1045
10141
8442
637
2356
3324
4729
9420
6170
3449
342
186
8363
7478
4230
202
1933
1777
7943
3971
9467
8591
5927
4854
3574
10681
8539
5060
1007
123
9483
6898
11288
11826
10445
5036
3596
6415
8383
5271
4908
211
3051
9117
8412
9915
4219
8687
2077
8861
10205
6815
3641
9067
5294
4576
9351
7490
7933
8416
7386
2527
10471
4674
7373
7036
7085
1791
411
5673
7269
5148
1365
6896
9363
7832
11241
7755
6626
5283
4373
1396
11717
6637
6210
6654
905
6857
6849
6750
274
4269
11076
3429
12189
5215
2746
3970
7844
3856
5682
2647
12261
4737
1320
767
11811
4198
4640
6152
4840
5163
11216
5092
869
4549
2617
9951
8372
4659
12273
1463
7966
5525
4466
749
3193
9062
11903
298
4307
2893
10144
7960
11929
5390
6896
7677
10844
2773
9617
2409
9164
4611
8134
510
6306
8775
11336
1436
3216
1269
793
6347
1932
11005
3715
4767
8392
3162
3288
11827
7952
6543
3516
5231
5147
8649
1870
3111
7757
8817
1330
2778
11179
10643
2787
9540
7619
11560
1624
8437
10660
3551
8374
705
1000
4012
7397
3148
5262
9516
5922
11915
7067
11686
8457
5130
9573
3667
5057
6500
6025
7509
11401
874
4449
8700
7482
11715
3629
6764
9770
7721
2364
3246
9307
4130
4973
5505
7399
3131
11277
9184
8837
5510
377
6313
3422
9873
1083
1549
4193
10470
4921
3907
1905
8226
36
46
245
10940
1325
6152
9704
2305
8702
1872
11581
7516
5428
6660
953
53
10656
10105
9698
11046
6104
319
8035
8164
2851
7216
8606
6911
905
9290
9319
10261
3972
4586
5117
4311
10442
9682
1081
6629
2387
4824
9540
4724
7093
3851
11457
7050
9287
8017
5140
852
6294
7934
10402
5038
4380
5684
2814
7536
5463
11135
8786
1845
6645
10892
7
5765
2198
4807
7880
6209
11427
10091
1849
998
1077
7345
4927
7349
2799
10562
7070
8157
8236
10069
9900
11185
783
9801
11064
8304
2306
9886
7029
5637
5098
3158
4921
2008
1671
4789
118
650
5741
1730
3942
434
10107
6263
6030
7539
535
11603
5143
427
429
11518
2418
6291
3410
10694
9207
2857
6564
5111
4640
8900
9216
11210
4685
817
12029
3347
9824
2985
2167
361
11608
460
1338
5477
5450
7420
4110
3015
10810
322
8645
5907
723
1326
11541
2869
1504
6576
11053
7854
794
10190
8
4648
4174
7225
11569
3640
717
3339
434
2488
5389
5640
10341
11595
8857
7176
1720
5484
3723
11269
700
10887
500
9556
4521
8358
6515
9903
9824
5652
238
12034
8992
5747
932
1347
7457
2508
1068
4039
5501
3101
7966
7719
5291
10491
7418
2485
9169
2571
6062
4796
9047
9820
3602
3872
7226
10700
5112
10123
7169
8362
31
10285
11363
6293
7444
12167
6861
3588
6162
10424
11852
5570
1598
5740
3055
5154
2855
3366
2193
2890
6932
10142
2529
7282
11255
5666
4485
10452
3076
6550
6023
443
10936
1530
2693
11135
7606
2129
613
9401
11011
9070
8129
5342
8151
11191
1903
10844
11919
4045
6858
6793
8622
5718
8809
1779
773
11638
4253
5009
11398
12237
53
11076
5805
8938
5770
11849
3123
11873
10630
5684
9812
1254
1736
11051
12181
6201
5540
10448
5770
5284
11896
3407
2392
5260
8289
11813
10887
4248
9213
6733
5094
4931
510
2973
5848
245
4263
1928
2419
4747
1486
3897
5543
3600
5125
9187
11776
8783
2670
11687
10454
10240
1046
6088
2717
3396
6629
9358
392
10000
3989
11542
1783
8132
6060
2554
11766
11423
3685
12244
83
9791
1459
8217
11685
2847
12071
4014
11254
10980
1390
2984
10064
10730
5618
6461
17
7272
8427
10517
891
6100
4405
907
4136
11241
8363
1276
3609
11786
8248
6536
1210
711
12021
10668
8359
2115
9913
21
8004
1750
11496
7643
8149
2336
2119
2643
12225
5413
4976
4003
11511
5730
1220
4531
3010
10813
6065
6144
6093
6842
1826
9876
6775
11347
5713
12185
10123
7502
11135
4692
8372
11277
9275
5658
9609
6309
5570
11007
10978
10443
10415
10343
678
7617
7734
1316
9734
2433
8612
9950
5944
1861
8845
7737
9843
10681
11952
1755
4913
9286
5704
10207
911
1749
11820
3818
3543
1729
5165
10799
6646
4365
1410
10682
8423
6190
1495
2965
11096
11754
9226
8120
8315
2559
1680
138
7305
5927
8664
842
10321
6971
4210
1767
6334
11363
7421
3687
7448
10237
